Transecta	Año	Punto	x	y	Sustrato	Hojarasca	Arbt	Arbo	sp	Estado	1	2	3	4	5	6	7	8	9	10	11	12	13	14	15	16	tq_s	tq_a
1	1938	1	0	0	H	6	0	16.7	Lathirus	Vivo	1	0	0	0	0	0	0	0	0	0	0	0	0	0	0	0	1	0
1	1938	1	0	0	H	6	0	16.7	Vicia	Vivo	1	0	0	0	0	0	0	0	0	0	0	0	0	0	0	0	1	0
1	1938	2	2	0	H	10	0	19.33	Osmorhyza	Vivo	1	0	0	0	0	0	0	0	0	0	0	0	0	0	0	0	1	0
1	1938	3	4	0	H	9	0	15.8	Lathirus	Vivo	1	0	0	0	0	0	0	0	0	0	0	0	0	0	0	0	1	0
1	1938	4	6	0	H	15	0	19.7	Coihue	Seco	1	0	0	0	0	0	0	0	0	0	0	0	0	0	0	0	1	0
1	1938	4	6	0	H	15	0	19.7	Osmorhyza	Vivo	1	0	0	0	0	0	0	0	0	0	0	0	0	0	0	0	1	0
1	1938	5	8	0	T	1	0	19.65	NA	NA	0	0	0	0	0	0	0	0	0	0	0	0	0	0	0	0	0	0
1	1938	6	10	0	M	4	0	21.6	Osmorhyza	Vivo	1	0	0	0	0	0	0	0	0	0	0	0	0	0	0	0	1	0
1	1938	6	10	0	M	4	0	21.6	Vicia	Vivo	1	0	0	0	0	0	0	0	0	0	0	0	0	0	0	0	1	0
1	1938	7	12	0	T	0	0	9.5	NA	NA	0	0	0	0	0	0	0	0	0	0	0	0	0	0	0	0	0	0
1	1938	8	14	0	H	6	0	18.24	Vicia	Vivo	1	0	0	0	0	0	0	0	0	0	0	0	0	0	0	0	1	0
1	1938	9	16	0	H	10	0	18.45	NA	NA	0	0	0	0	0	0	0	0	0	0	0	0	0	0	0	0	0	0
1	1938	10	18	0	T	0	0	19.57	NA	NA	0	0	0	0	0	0	0	0	0	0	0	0	0	0	0	0	0	0
1	1938	11	20	0	H	6	0	21.77	Coihue	Seco	1	0	0	0	0	0	0	0	0	0	0	0	0	0	0	0	1	0
1	1938	11	20	0	H	6	0	21.77	Lathirus	Vivo	1	0	0	0	0	0	0	0	0	0	0	0	0	0	0	0	1	0
1	1938	12	22	0	H	7	0	16.04	Coihue	Seco	1	0	0	0	0	0	0	0	0	0	0	0	0	0	0	0	1	0
1	1938	12	22	0	H	7	0	16.04	Laura	Vivo	0	1	0	0	1	1	0	0	0	0	0	0	0	0	0	0	3	0
1	1938	13	24	0	H	4	0	22	NA	NA	0	0	0	0	0	0	0	0	0	0	0	0	0	0	0	0	0	0
1	1938	14	26	0	H	10	0	21.68	Galium	Vivo	1	0	0	0	0	0	0	0	0	0	0	0	0	0	0	0	1	0
1	1938	14	26	0	H	10	0	21.68	Laura	Vivo	0	1	1	1	0	0	0	0	0	0	0	0	0	0	0	0	3	0
1	1938	15	28	0	H	8	0	22.7	Coihue	Seco	1	0	0	0	0	0	0	0	0	0	0	0	0	0	0	0	1	0
1	1938	15	28	0	H	8	0	22.7	Osmorhyza	Vivo	1	1	0	0	0	0	0	0	0	0	0	0	0	0	0	0	2	0
1	1938	16	30	0	H	7	0	8.7	Galium	Vivo	1	0	0	0	0	0	0	0	0	0	0	0	0	0	0	0	1	0
1	1938	16	30	0	H	7	0	8.7	Lathirus	Vivo	1	0	0	0	0	0	0	0	0	0	0	0	0	0	0	0	1	0
1	1938	17	32	0	T	0	0	22.48	NA	NA	0	0	0	0	0	0	0	0	0	0	0	0	0	0	0	0	0	0
1	1938	18	34	0	H	25	0	21.98	NA	NA	0	0	0	0	0	0	0	0	0	0	0	0	0	0	0	0	0	0
1	1938	19	36	0	H	7	0	23.5	NA	NA	0	0	0	0	0	0	0	0	0	0	0	0	0	0	0	0	0	0
1	1938	20	38	0	H	6	0	21.52	Ca?	Seco	1	1	0	0	0	0	0	0	0	0	0	0	0	0	0	0	2	0
1	1938	20	38	0	H	6	0	21.52	Ca?	Vivo	1	0	0	0	0	0	0	0	0	0	0	0	0	0	0	0	1	0
1	1938	20	38	0	H	6	0	21.52	Osmorhyza	Vivo	1	0	0	0	0	0	0	0	0	0	0	0	0	0	0	0	1	0
1	1938	21	40	0	H	5	0	21.43	Lathirus	Vivo	1	0	0	0	0	0	0	0	0	0	0	0	0	0	0	0	1	0
1	1938	21	40	0	H	5	0	21.43	Osmorhyza	Vivo	1	0	0	0	0	0	0	0	0	0	0	0	0	0	0	0	1	0
1	1938	22	42	0	H	4	0	21.54	Lathirus	Vivo	1	0	0	0	0	0	0	0	0	0	0	0	0	0	0	0	1	0
1	1938	22	42	0	H	4	0	21.54	Osmorhyza	Vivo	1	0	0	0	0	0	0	0	0	0	0	0	0	0	0	0	1	0
1	1938	23	44	0	H	4	0	18.34	Coihue	Seco	1	0	0	0	0	0	0	0	0	0	0	0	0	0	0	0	1	0
1	1938	24	46	0	H	25	0	22.4	Osmorhyza	Vivo	1	0	0	0	0	0	0	0	0	0	0	0	0	0	0	0	1	0
1	1938	25	48	0	H	20	2.32	20.4	Ca?	Seco	0	0	0	0	0	0	0	1	1	1	0	0	0	0	0	0	1	2
1	1938	25	48	0	H	20	2.32	20.4	Coihue	Seco	0	0	1	1	0	0	0	0	0	0	0	0	0	0	0	0	2	0
1	1938	26	50	0	H	5	0	21.24	NA	NA	0	0	0	0	0	0	0	0	0	0	0	0	0	0	0	0	0	0
1	1938	27	52	0	H	8	0	23.6	Coihue	Seco	1	0	0	0	0	0	0	0	0	0	0	0	0	0	0	0	1	0
1	1938	28	54	0	H	5	0	21.74	NA	NA	0	0	0	0	0	0	0	0	0	0	0	0	0	0	0	0	0	0
1	1938	29	56	0	H	8	0	18.26	Coihue	Seco	1	0	0	0	0	0	0	0	0	0	0	0	0	0	0	0	1	0
1	1938	30	58	0	H	6	0	20.78	Maqui	Vivo	0	0	0	0	1	0	0	0	0	0	0	0	0	0	0	0	1	0
1	1938	31	60	0	T	0	0	20.81	NA	NA	0	0	0	0	0	0	0	0	0	0	0	0	0	0	0	0	0	0
2	1938	1	0	0	H	5	2	NA	Lathirus	Vivo	1	0	0	0	0	0	0	0	0	0	0	0	0	0	0	0	1	0
2	1938	1	0	0	H	5	2	NA	Maqui	Vivo	0	0	1	0	1	0	0	1	0	0	0	0	0	0	0	0	3	0
2	1938	2	2	0	T	0	0	16.91	NA	NA	0	0	0	0	0	0	0	0	0	0	0	0	0	0	0	0	0	0
2	1938	3	4	0	T	0	0	17.09	NA	NA	0	0	0	0	0	0	0	0	0	0	0	0	0	0	0	0	0	0
2	1938	4	6	0	T	0	0	19.3	Lathirus	Vivo	0	1	1	1	0	0	0	0	0	0	0	0	0	0	0	0	3	0
2	1938	4	6	0	T	0	0	19.3	Maqui	Vivo	0	0	0	1	1	0	0	0	0	0	0	0	0	0	0	0	2	0
2	1938	5	8	0	H	7	0	19.75	NA	NA	0	0	0	0	0	0	0	0	0	0	0	0	0	0	0	0	0	0
2	1938	6	10	0	H	5	0	24.04	NA	NA	0	0	0	0	0	0	0	0	0	0	0	0	0	0	0	0	0	0
2	1938	7	12	0	H	10	0	19.42	Pasto	Seco	1	0	0	0	0	0	0	0	0	0	0	0	0	0	0	0	1	0
2	1938	7	12	0	H	10	0	19.42	Lathirus	Vivo	0	1	0	0	0	0	0	0	0	0	0	0	0	0	0	0	1	0
2	1938	7	12	0	H	10	0	19.42	Maqui	Vivo	1	0	0	0	0	0	0	0	0	0	0	0	0	0	0	0	1	0
2	1938	8	14	0	H	7	0	20.1	Galium	Vivo	1	0	0	0	0	0	0	0	0	0	0	0	0	0	0	0	1	0
2	1938	9	16	0	H	5	0	17.35	Lathirus	Vivo	1	0	0	0	0	0	0	0	0	0	0	0	0	0	0	0	1	0
2	1938	10	18	0	H	6	0	19.05	Pasto	Seco	1	0	0	0	0	0	0	0	0	0	0	0	0	0	0	0	1	0
2	1938	10	18	0	H	6	0	19.05	Lathirus	Vivo	1	0	0	0	0	0	0	0	0	0	0	0	0	0	0	0	1	0
2	1938	11	20	0	H	7	0	20.36	Amancay	Vivo	0	1	0	0	0	0	0	0	0	0	0	0	0	0	0	0	1	0
2	1938	11	20	0	H	7	0	20.36	Galium	Vivo	1	0	0	0	0	0	0	0	0	0	0	0	0	0	0	0	1	0
2	1938	11	20	0	H	7	0	20.36	Lathirus	Vivo	1	0	0	0	0	0	0	0	0	0	0	0	0	0	0	0	1	0
2	1938	11	20	0	H	7	0	20.36	Osmorhyza	Vivo	0	1	0	0	0	0	0	0	0	0	0	0	0	0	0	0	1	0
2	1938	12	22	0	H	4	0	17.78	Pasto	Seco	1	0	0	0	0	0	0	0	0	0	0	0	0	0	0	0	1	0
2	1938	12	22	0	H	4	0	17.78	Lathirus	Vivo	1	0	0	0	0	0	0	0	0	0	0	0	0	0	0	0	1	0
2	1938	12	22	0	H	4	0	17.78	Osmorhyza	Vivo	1	0	0	0	0	0	0	0	0	0	0	0	0	0	0	0	1	0
2	1938	13	24	0	H	4	1.6	19.34	Ca?	Seco	0	0	0	0	0	1	1	0	0	0	0	0	0	0	0	0	2	0
2	1938	13	24	0	H	4	1.6	19.34	Amancay	Vivo	1	0	0	0	0	0	0	0	0	0	0	0	0	0	0	0	1	0
2	1938	14	26	0	H	3	5	19.13	Ca?	Seco	1	0	0	1	1	1	0	0	1	0	0	0	1	1	1	1	4	5
2	1938	15	28	0	H	6	5	18.15	Ca?	Seco	1	0	0	0	0	0	0	0	0	0	0	1	1	0	0	0	1	2
2	1938	15	28	0	H	6	5	18.15	Lathirus	Vivo	1	1	1	0	0	0	0	0	0	0	0	0	0	0	0	0	3	0
2	1938	16	30	0	H	5	4.5	19.1	Pasto	Seco	1	0	0	0	0	0	0	0	0	0	0	0	0	0	0	0	1	0
2	1938	17	32	0	H	4	0	16.9	Osmorhyza	Vivo	1	1	0	0	0	0	0	0	0	0	0	0	0	0	0	0	2	0
2	1938	18	34	0	H	7	0	20.47	Ca?	Vivo	0	1	0	0	0	0	0	0	0	0	0	0	0	0	0	0	1	0
2	1938	18	34	0	H	7	0	20.47	Coihue	Vivo	0	1	0	0	0	0	0	0	0	0	0	0	0	0	0	0	1	0
2	1938	19	36	0	H	4.5	0	20.22	Ca?	Seco	1	0	0	0	0	0	0	0	0	0	0	0	0	0	0	0	1	0
2	1938	19	36	0	H	4.5	0	20.22	Maqui	Vivo	0	1	0	0	0	0	0	0	0	0	0	0	0	0	0	0	1	0
2	1938	20	38	0	H	5	0	20.33	Ca?	Seco	0	0	1	1	0	0	0	0	0	0	0	0	0	0	0	0	2	0
2	1938	20	38	0	H	5	0	20.33	Lathirus	Vivo	0	0	1	1	0	0	0	0	0	0	0	0	0	0	0	0	2	0
2	1938	21	40	0	H	25	0	22.59	Coihue	Seco	1	0	0	0	0	0	0	0	0	0	0	0	0	0	0	0	1	0
2	1938	22	42	0	H	5	0	21.05	Lathirus	Vivo	1	0	0	0	0	0	0	0	0	0	0	0	0	0	0	0	1	0
2	1938	23	44	0	H	3	0	20.38	Osmorhyza	Seco	0	1	0	0	0	0	0	0	0	0	0	0	0	0	0	0	1	0
2	1938	23	44	0	H	3	0	20.38	Amancay	Vivo	1	0	0	0	0	0	0	0	0	0	0	0	0	0	0	0	1	0
2	1938	23	44	0	H	3	0	20.38	Lathirus	Vivo	1	0	0	0	0	0	0	0	0	0	0	0	0	0	0	0	1	0
2	1938	24	46	0	T	0	0	20.5	NA	NA	0	0	0	0	0	0	0	0	0	0	0	0	0	0	0	0	0	0
2	1938	25	48	0	H	4	0	22.04	NA	NA	0	0	0	0	0	0	0	0	0	0	0	0	0	0	0	0	0	0
2	1938	26	50	0	H	5	0	21.84	Osmorhyza	Vivo	1	0	0	0	0	0	0	0	0	0	0	0	0	0	0	0	1	0
2	1938	27	52	0	T	2	0	22.4	NA	NA	0	0	0	0	0	0	0	0	0	0	0	0	0	0	0	0	0	0
2	1938	28	54	0	H	5	0	20.61	Osmorhyza	Vivo	1	0	0	0	0	0	0	0	0	0	0	0	0	0	0	0	1	0
2	1938	29	56	0	H	3	4	17.82	Ca?	Seco	0	0	0	0	0	0	0	1	0	0	0	0	0	0	1	0	1	1
2	1938	30	58	0	H	6	0	21.19	NA	NA	0	0	0	0	0	0	0	0	0	0	0	0	0	0	0	0	0	0
2	1938	31	60	0	H	5	0	22.31	NA	NA	0	0	0	0	0	0	0	0	0	0	0	0	0	0	0	0	0	0
3	1943	1	0	0	H	3	0	6.2	NA	NA	0	0	0	0	0	0	0	0	0	0	0	0	0	0	0	0	0	0
3	1943	2	2	0	H	3.5	1.4	10.02	NA	NA	0	0	0	0	0	0	0	0	0	0	0	0	0	0	0	0	0	0
3	1943	3	4	0	H	1	3.5	9.4	Blinearifolia	Seco	1	0	0	0	0	0	0	0	0	0	0	0	0	0	0	0	1	0
3	1943	3	4	0	H	1	3.5	9.4	Coihue	Vivo	0	0	0	0	0	0	0	0	0	0	0	0	0	1	0	0	0	1
3	1943	4	6	0	H	2.5	3	15.7	Coihue	Vivo	0	0	0	0	0	0	0	0	0	0	1	1	0	0	0	0	0	2
3	1943	5	8	0	H	1.5	3	13.61	Ca?	Seco	0	0	0	0	0	0	0	0	0	0	0	1	0	0	0	0	0	1
3	1943	6	10	0	H	6.5	2.5	20.7	Adenocaulon	Vivo	1	0	0	0	0	0	0	0	0	0	0	0	0	0	0	0	1	0
3	1943	6	10	0	H	6.5	2.5	20.7	Ca?	Seco	1	1	0	0	0	0	0	0	0	0	0	0	0	0	0	0	2	0
3	1943	7	12	0	H	3.5	0.8	20.3	Adenocaulon	Vivo	1	0	0	0	0	0	0	0	0	0	0	0	0	0	0	0	1	0
3	1943	7	12	0	H	3.5	0.8	20.3	Ca?	Seco	1	1	0	0	0	0	0	0	0	0	0	0	0	0	0	0	2	0
3	1943	8	14	0	H	1	0	21.69	NA	NA	0	0	0	0	0	0	0	0	0	0	0	0	0	0	0	0	0	0
3	1943	9	16	0	H	1.5	0.6	21.12	Osmorhyza	Vivo	1	0	0	0	0	0	0	0	0	0	0	0	0	0	0	0	1	0
3	1943	10	18	0	H	2	0.8	17.05	Ca?	Seco	1	1	0	0	0	0	0	0	0	0	0	0	0	0	0	0	2	0
3	1943	11	20	0	H	2.5	0.7	20.11	NA	NA	0	0	0	0	0	0	0	0	0	0	0	0	0	0	0	0	0	0
3	1943	12	22	0	H	1.5	0.6	19.94	Ca?	Seco	0	0	1	0	0	0	0	0	0	0	0	0	0	0	0	0	1	0
3	1943	13	24	0	H	2	0.25	21.28	Ca?	Seco	1	0	0	0	0	0	0	0	0	0	0	0	0	0	0	0	1	0
3	1943	14	26	0	H	2	0.25	19.94	Adenocaulon	Vivo	1	0	0	0	0	0	0	0	0	0	0	0	0	0	0	0	1	0
3	1943	14	26	0	H	2	0.25	19.94	Osmorhyza	Seco	0	1	0	0	0	0	0	0	0	0	0	0	0	0	0	0	1	0
3	1943	15	28	0	H	3	0.3	20.46	Michay	Vivo	1	0	0	0	0	0	0	0	0	0	0	0	0	0	0	0	1	0
3	1943	15	28	0	H	3	0.3	20.46	Mchubutensis	Vivo	1	0	0	0	0	0	0	0	0	0	0	0	0	0	0	0	1	0
3	1943	16	30	0	H	2.5	0.6	22.56	Ca?	Seco	1	0	0	0	0	0	0	0	0	0	0	0	0	0	0	0	1	0
3	1943	16	30	0	H	2.5	0.6	22.56	Michay	Vivo	1	0	0	0	0	0	0	0	0	0	0	0	0	0	0	0	1	0
3	1943	17	32	0	H	2.5	0	20.46	NA	NA	0	0	0	0	0	0	0	0	0	0	0	0	0	0	0	0	0	0
3	1943	18	34	0	T	1	0	19.6	NA	NA	0	0	0	0	0	0	0	0	0	0	0	0	0	0	0	0	0	0
3	1943	19	36	0	C	1.5	0.3	20.67	Ca?	Seco	1	0	0	0	0	0	0	0	0	0	0	0	0	0	0	0	1	0
3	1943	20	38	0	H	3	0.8	14.23	NA	NA	0	0	0	0	0	0	0	0	0	0	0	0	0	0	0	0	0	0
3	1943	21	40	0	H	3	1.1	19.57	Coihue	Vivo	1	0	0	0	0	0	0	0	0	0	0	0	0	0	0	0	1	0
3	1943	21	40	0	H	3	1.1	19.57	Ca?	Seco	1	1	1	1	0	0	0	0	0	0	0	0	0	0	0	0	4	0
3	1943	22	42	0	H	3.5	0.7	13.09	Ca?	Vivo	1	1	1	0	0	0	0	0	0	0	0	0	0	0	0	0	3	0
3	1943	23	44	0	H	2.5	0.5	16.62	Ca?	Vivo	1	1	0	0	0	0	0	0	0	0	0	0	0	0	0	0	2	0
3	1943	24	46	0	H	3	0	17.49	NA	NA	0	0	0	0	0	0	0	0	0	0	0	0	0	0	0	0	0	0
3	1943	25	48	0	H	1.5	0.8	18.71	NA	NA	0	0	0	0	0	0	0	0	0	0	0	0	0	0	0	0	0	0
3	1943	26	50	0	H	4	0.7	16.67	Ca?	Vivo	0	0	0	0	0	0	1	0	0	0	0	0	0	0	0	0	1	0
3	1943	27	52	0	H	1.5	1.3	15	Ca?	Seco	1	1	0	0	0	1	0	0	0	0	0	0	0	0	0	0	3	0
3	1943	27	52	0	H	1.5	1.3	15	Vicia	Vivo	0	0	1	0	0	0	0	0	0	0	0	0	0	0	0	0	1	0
3	1943	28	54	0	H	3	0	21.5	NA	NA	0	0	0	0	0	0	0	0	0	0	0	0	0	0	0	0	0	0
3	1943	29	56	0	H	1	1.5	20.74	Ca?	Seco	0	1	0	0	0	0	0	0	0	0	0	0	0	0	0	0	1	0
3	1943	30	58	0	H	2	0.1	19.25	Ca?	Vivo	1	0	0	0	0	0	0	0	0	0	0	0	0	0	0	0	1	0
3	1943	30	58	0	H	2	0.1	19.25	Ca?	Seco	1	0	0	0	0	0	0	0	0	0	0	0	0	0	0	0	1	0
3	1943	31	60	0	H	3.5	2.7	19.62	Ca?	Vivo	0	0	0	0	0	0	0	0	0	0	1	0	0	0	0	0	0	1
4	1943	1	0	0	H	5	5	10.5	Ca?	Seco	1	1	0	0	0	0	0	0	0	0	0	0	0	0	0	0	2	0
4	1943	1	0	0	H	5	5	10.5	Coihue	Seco	0	0	1	0	0	0	0	0	0	0	0	1	0	1	0	0	1	2
4	1943	2	2	0	H	4	0.3	20.5	Ca?	Seco	0	1	0	0	0	0	0	0	0	0	0	0	0	0	0	0	1	0
4	1943	3	4	0	H	5.5	2	26.2	Ca?	Seco	1	0	0	0	0	0	0	0	0	0	0	0	0	0	0	0	1	0
4	1943	3	4	0	H	5.5	2	26.2	Blinearifolia	Vivo	1	0	0	0	0	0	0	0	0	0	0	0	0	0	0	0	1	0
4	1943	4	6	0	H	4	5	22.48	Laura	Vivo	0	0	0	0	0	0	0	0	0	0	0	1	1	1	0	0	0	3
4	1943	4	6	0	H	4	5	22.48	Ca?	Seco	1	0	0	0	0	0	0	0	0	0	0	0	0	0	0	0	1	0
4	1943	5	8	0	H	5.5	0	21.45	NA	NA	0	0	0	0	0	0	0	0	0	0	0	0	0	0	0	0	0	0
4	1943	6	10	0	H	2	0	14.4	NA	NA	0	0	0	0	0	0	0	0	0	0	0	0	0	0	0	0	0	0
4	1943	7	12	0	H	3.5	2.7	24.4	Blinearifolia	Seco	0	0	0	0	0	0	0	1	0	0	0	0	0	0	0	0	1	0
4	1943	8	14	0	T	0	2.5	6.78	NA	NA	0	0	0	0	0	0	0	0	0	0	0	0	0	0	0	0	0	0
4	1943	9	16	0	H	1	0.8	7.23	NA	NA	0	0	0	0	0	0	0	0	0	0	0	0	0	0	0	0	0	0
4	1943	10	18	0	H	3	2.5	26.16	NA	NA	0	0	0	0	0	0	0	0	0	0	0	0	0	0	0	0	0	0
4	1943	11	20	0	H	4.5	2	26.7	Blinearifolia	Seco	0	0	0	0	0	0	1	0	0	0	0	0	0	0	0	0	1	0
4	1943	11	20	0	H	4.5	2	26.7	Ca?	Seco	0	0	1	0	0	0	0	0	0	0	0	0	0	0	0	0	1	0
4	1943	12	22	0	H	5	3	20.3	Ca?	Seco	1	0	0	0	0	0	0	0	0	0	0	0	0	0	0	0	1	0
4	1943	13	24	0	H	3.5	0	26.63	NA	NA	0	0	0	0	0	0	0	0	0	0	0	0	0	0	0	0	0	0
4	1943	14	26	0	H	4	0.3	21.54	Adenocaulon	Seco	1	0	0	0	0	0	0	0	0	0	0	0	0	0	0	0	1	0
4	1943	15	28	0	H	3	2.4	24.34	Osmorhyza	Vivo	1	0	0	0	0	0	0	0	0	0	0	0	0	0	0	0	1	0
4	1943	16	30	0	H	3.5	0	24.02	NA	NA	0	0	0	0	0	0	0	0	0	0	0	0	0	0	0	0	0	0
4	1943	17	32	0	H	3	0	23	NA	NA	0	0	0	0	0	0	0	0	0	0	0	0	0	0	0	0	0	0
4	1943	18	34	0	H	3.5	1.6	23.98	Adenocaulon	Vivo	1	0	0	0	0	0	0	0	0	0	0	0	0	0	0	0	1	0
4	1943	18	34	0	H	3.5	1.6	23.98	Ca?	Vivo	1	0	0	0	0	0	0	0	0	0	0	0	0	0	0	0	1	0
4	1943	18	34	0	H	3.5	1.6	23.98	Ca?	Seco	0	0	1	0	0	0	0	0	0	0	0	0	0	0	0	0	1	0
4	1943	19	36	0	H	2.5	0	25.81	Osmorhyza	Vivo	1	0	0	0	0	0	0	0	0	0	0	0	0	0	0	0	1	0
4	1943	20	38	0	H	3.5	0	17.48	NA	NA	0	0	0	0	0	0	0	0	0	0	0	0	0	0	0	0	0	0
4	1943	21	40	0	H	2	0	26.64	NA	NA	0	0	0	0	0	0	0	0	0	0	0	0	0	0	0	0	0	0
4	1943	22	42	0	H	3.5	0	24.22	Adenocaulon	Vivo	1	0	0	0	0	0	0	0	0	0	0	0	0	0	0	0	1	0
4	1943	23	44	0	H	3	0	25.91	NA	NA	0	0	0	0	0	0	0	0	0	0	0	0	0	0	0	0	0	0
4	1943	24	46	0	H	3.5	0	21.5	NA	NA	0	0	0	0	0	0	0	0	0	0	0	0	0	0	0	0	0	0
4	1943	25	48	0	H	2	5	21.32	Coihue	Vivo	0	0	0	0	0	0	0	0	0	0	0	0	0	0	1	1	0	2
4	1943	26	50	0	H	3	5	22.68	Coihue	Seco	0	0	0	0	0	0	0	0	0	0	0	0	0	1	0	0	0	1
4	1943	27	52	0	H	3	0	22.81	NA	NA	0	0	0	0	0	0	0	0	0	0	0	0	0	0	0	0	0	0
4	1943	28	54	0	M	0	0	23.56	NA	NA	0	0	0	0	0	0	0	0	0	0	0	0	0	0	0	0	0	0
4	1943	29	56	0	H	2	0	17.9	NA	NA	0	0	0	0	0	0	0	0	0	0	0	0	0	0	0	0	0	0
4	1943	30	58	0	H	2	0	20.73	NA	NA	0	0	0	0	0	0	0	0	0	0	0	0	0	0	0	0	0	0
4	1943	31	60	0	H	1.5	0	20.57	NA	NA	0	0	0	0	0	0	0	0	0	0	0	0	0	0	0	0	0	0
5	1950	1	0	0	H	0.5	4.5	18.4	Ca?	Seco	0	0	0	0	0	0	0	1	0	0	0	0	0	0	0	0	1	0
5	1950	1	0	0	H	0.5	4.5	18.4	Ca?	Vivo	0	0	0	0	0	0	0	0	0	0	0	1	0	0	0	1	0	2
5	1950	2	2	0	H	1	2.63	18.98	Ca?	Vivo	0	0	0	0	0	0	0	1	0	0	0	0	0	0	0	0	1	0
5	1950	2	2	0	H	1	2.63	18.98	Ca?	Seco	0	0	0	0	0	0	0	0	0	0	1	0	0	0	0	0	0	1
5	1950	3	4	0	H	1	4.25	17.23	Ca?	Vivo	0	0	0	0	1	1	1	0	0	0	0	0	1	1	0	1	3	3
5	1950	4	6	0	H	0.5	2.3	17.11	Ca?	Seco	0	0	1	1	0	0	0	0	0	0	0	0	0	0	0	0	2	0
5	1950	5	8	0	H	0.5	3	17.27	Chaura	Vivo	0	1	0	0	0	0	0	0	0	0	0	0	0	0	0	0	1	0
5	1950	5	8	0	H	0.5	3	17.27	Ca?	Seco	0	1	0	0	0	0	1	0	0	0	0	0	0	0	0	0	2	0
5	1950	5	8	0	H	0.5	3	17.27	Ca?	Vivo	0	0	0	0	0	0	0	1	1	0	0	0	0	0	0	0	1	1
5	1950	6	10	0	H	1.5	3.5	18.18	Ca?	Seco	1	1	0	0	0	0	0	0	0	0	0	0	0	0	0	0	2	0
5	1950	6	10	0	H	1.5	3.5	18.18	Ca?	Vivo	0	0	0	0	0	0	0	0	0	0	0	0	1	1	0	0	0	2
5	1950	6	10	0	H	1.5	3.5	18.18	Chaura	Seco	0	0	0	1	1	1	0	0	0	0	0	0	0	0	0	0	3	0
5	1950	6	10	0	H	1.5	3.5	18.18	Chaura	Vivo	0	0	1	1	0	0	0	0	0	0	0	0	0	0	0	0	2	0
5	1950	7	12	0	H	2	0	18.51	NA	NA	0	0	0	0	0	0	0	0	0	0	0	0	0	0	0	0	0	0
5	1950	8	14	0	H	1	3.5	20.23	Ca?	Vivo	0	0	0	0	0	0	0	0	0	0	0	0	1	1	0	0	0	2
5	1950	8	14	0	H	1	3.5	20.23	Ca?	Seco	1	1	1	0	0	0	0	0	0	0	0	0	0	0	0	0	3	0
5	1950	8	14	0	H	1	3.5	20.23	Coihue	Seco	0	0	1	0	0	0	0	0	0	0	0	0	0	0	0	0	1	0
5	1950	9	16	0	H	1	4.67	18.13	Ca?	Vivo	0	0	0	0	1	0	0	0	0	0	0	0	0	1	1	1	1	3
5	1950	9	16	0	H	1	4.67	18.13	Ca?	Seco	0	0	1	0	0	0	0	0	0	0	0	0	0	0	0	0	1	0
5	1950	10	18	0	H	1	2.47	21.5	Coihue	Seco	0	0	0	0	0	0	1	1	0	0	0	0	0	0	0	0	2	0
5	1950	10	18	0	H	1	2.47	21.5	Ca?	Vivo	0	0	0	0	0	0	1	1	1	0	0	0	0	0	0	0	2	1
5	1950	11	20	0	H	1	5	19.08	Ca?	Seco	0	0	1	0	0	0	0	0	0	0	1	0	0	0	0	0	1	1
5	1950	12	22	0	H	1	6.82	19.83	Ca?	Seco	0	0	0	0	0	1	1	0	0	0	0	0	0	0	0	0	2	0
5	1950	13	24	0	H	0.5	2.5	20.74	Ca?	Seco	0	0	0	0	0	0	0	0	0	0	1	1	1	1	0	0	0	4
5	1950	14	26	0	H	0.5	3.5	21.07	Ca?	Vivo	0	0	0	0	0	0	0	0	0	1	1	1	1	1	0	0	0	5
5	1950	14	26	0	H	0.5	3.5	21.07	Ca?	Seco	0	0	0	0	0	1	0	1	1	0	0	0	0	0	0	0	2	1
5	1950	15	28	0	H	0.5	2.3	12.13	Ca?	Seco	0	0	0	0	0	0	0	1	0	0	0	0	0	0	0	0	1	0
5	1950	15	28	0	H	0.5	2.3	12.13	Ca?	Vivo	0	0	0	0	0	0	0	0	1	0	0	0	0	0	0	0	0	1
5	1950	16	30	0	H	1	3.4	11.32	Ca?	Vivo	0	0	0	1	1	0	0	1	0	1	1	1	0	1	0	0	3	4
5	1950	16	30	0	H	1	3.4	11.32	Ca?	Seco	0	0	1	1	0	0	0	0	0	0	0	0	0	0	0	0	2	0
5	1950	17	32	0	H	1.5	4	14	Ca?	Vivo	1	0	0	0	0	0	0	1	1	1	1	1	1	0	0	1	2	6
5	1950	17	32	0	H	1.5	4	14	Ca?	Seco	0	0	0	1	1	1	0	0	0	0	0	0	0	0	0	0	3	0
5	1950	18	34	0	H	2	4	16.9	Ca?	Vivo	0	1	0	0	0	1	0	0	0	0	1	1	1	0	1	0	2	4
5	1950	18	34	0	H	2	4	16.9	Ca?	Seco	1	0	1	0	0	1	0	0	1	0	0	0	0	0	0	0	3	1
5	1950	19	36	0	H	1	3.5	16.39	Ca?	Seco	1	1	0	0	0	0	0	1	0	0	0	0	0	0	0	0	3	0
5	1950	19	36	0	H	1	3.5	16.39	Ca?	Vivo	0	0	0	0	0	0	0	0	0	0	1	1	1	0	0	0	0	3
5	1950	20	38	0	H	0.5	4	13.49	Ca?	Vivo	0	0	0	0	0	1	0	0	0	1	1	1	1	0	0	0	1	4
5	1950	20	38	0	H	0.5	4	13.49	Ca?	Seco	0	0	0	0	0	0	1	1	1	0	0	0	0	0	0	0	2	1
5	1950	21	40	0	H	0.5	5	10	Ca?	Seco	1	0	1	0	0	0	0	0	0	0	0	0	0	0	0	0	2	0
5	1950	21	40	0	H	0.5	5	10	Ca?	Vivo	0	0	0	0	0	0	0	0	0	1	1	1	1	0	0	0	0	4
5	1950	22	42	0	H	1	2.3	8	Ca?	Vivo	0	0	0	0	0	1	1	0	1	0	0	0	0	0	0	0	2	1
5	1950	23	44	0	H	1	3.4	8	Ca?	Seco	1	1	1	0	0	0	0	0	0	0	0	0	0	0	0	0	3	0
5	1950	23	44	0	H	1	3.4	8	Ca?	Vivo	0	0	0	0	1	1	1	1	1	0	0	0	0	0	0	0	4	1
5	1950	24	46	0	H	1.5	3.2	NA	Ca?	Seco	1	1	1	1	1	1	1	1	0	0	0	0	0	0	0	0	8	0
5	1950	24	46	0	H	1.5	3.2	NA	Notro	Seco	0	0	0	0	0	0	0	0	1	1	0	0	0	0	0	0	0	2
5	1950	24	46	0	H	1.5	3.2	NA	Ca?	Vivo	0	0	0	0	0	0	0	0	0	0	1	1	0	0	0	0	0	2
5	1950	25	48	0	H	1	3.3	10.71	Ca?	Seco	0	0	0	1	1	0	0	0	0	0	0	0	0	0	0	0	2	0
5	1950	25	48	0	H	1	3.3	10.71	Ca?	Vivo	0	0	0	0	0	1	1	1	1	0	0	0	0	0	0	0	3	1
5	1950	26	50	0	H	1.5	7.47	NA	Ca?	Vivo	0	0	1	0	0	1	1	1	0	1	0	0	0	0	0	0	4	1
5	1950	26	50	0	H	1.5	7.47	NA	Ca?	Seco	0	1	1	0	0	0	0	0	0	0	0	0	0	0	0	0	2	0
5	1950	26	50	0	H	1.5	7.47	NA	Radal	Vivo	0	0	0	0	0	0	0	0	0	0	0	0	0	1	1	1	0	3
5	1950	27	52	0	H	1	6	8	Radal	Vivo	0	0	0	1	1	0	0	0	1	0	1	1	1	1	1	1	2	7
5	1950	27	52	0	H	1	6	8	Ca?	Seco	0	0	0	1	0	0	0	1	0	0	0	0	0	0	0	0	2	0
5	1950	28	54	0	H	1.5	6	7	Ca?	Seco	0	1	1	0	0	0	0	0	0	0	0	0	0	0	0	0	2	0
5	1950	28	54	0	H	1.5	6	7	Ca?	Vivo	0	0	0	1	1	0	0	1	0	0	0	0	0	0	0	0	3	0
5	1950	29	56	0	H	1	3	7.54	Ca?	Seco	0	0	0	0	1	0	0	1	0	0	0	0	0	0	0	0	2	0
5	1950	29	56	0	H	1	3	7.54	Ca?	Vivo	0	0	0	0	0	1	1	1	1	1	1	0	0	0	0	0	3	3
5	1950	30	58	0	H	1	3.3	6.42	Ca?	Vivo	0	0	0	1	0	0	1	1	1	1	1	1	0	0	0	0	3	4
5	1950	31	60	0	H	1	3.3	6.42	Ca?	Vivo	0	0	0	1	0	0	0	1	0	0	1	1	0	0	0	0	2	2
6	1950	1	0	0	H	0.5	2.94	19.27	Ca?	Vivo	0	0	0	0	0	1	0	1	0	0	0	0	0	0	0	0	2	0
6	1950	1	0	0	H	0.5	2.94	19.27	Ca?	Seco	0	0	0	0	0	0	1	0	0	0	0	0	0	0	0	0	1	0
6	1950	2	2	0	H	2.5	3.23	19.21	Chaura	Vivo	1	1	0	0	0	0	0	0	0	0	0	0	0	0	0	0	2	0
6	1950	2	2	0	H	2.5	3.23	19.21	Chaura	Seco	1	1	0	0	1	0	0	0	0	0	0	0	0	0	0	0	3	0
6	1950	2	2	0	H	2.5	3.23	19.21	Ca?	Seco	0	0	0	1	1	0	0	0	0	0	0	0	0	0	0	0	2	0
6	1950	3	4	0	H	1	2.7	18.08	Ca?	Vivo	0	0	0	0	0	0	0	0	1	1	0	0	0	0	0	0	0	2
6	1950	4	6	0	H	2	3.86	19.38	Ca?	Vivo	0	0	0	0	0	0	0	1	1	1	0	1	1	0	0	0	1	4
6	1950	5	8	0	H	0.5	0	16.69	Ca?	Seco	1	0	0	0	0	0	0	0	0	0	0	0	0	0	0	0	1	0
6	1950	6	10	0	H	1	2.6	19.49	Ca?	Vivo	0	0	1	0	0	0	0	0	0	1	0	0	0	0	0	0	1	1
6	1950	7	12	0	H	1	2.4	18.91	Ca?	Vivo	1	0	0	0	1	0	0	0	0	0	0	0	0	0	0	0	2	0
6	1950	7	12	0	H	1	2.4	18.91	Ca?	Seco	1	1	0	0	0	0	0	0	0	0	0	0	0	0	0	0	2	0
6	1950	8	14	0	H	1.5	2.5	9.52	Ca?	Seco	1	0	0	0	0	0	0	0	0	0	0	0	0	0	0	0	1	0
6	1950	8	14	0	H	1.5	2.5	9.52	Ca?	Vivo	0	0	0	1	1	1	0	0	0	0	0	0	0	0	0	0	3	0
6	1950	9	16	0	H	3	4	15.53	Ca?	Seco	0	0	1	1	0	0	0	1	0	0	0	0	0	0	0	0	3	0
6	1950	9	16	0	H	3	4	15.53	Ca?	Vivo	0	0	0	0	0	0	0	0	1	1	1	1	0	0	1	1	0	6
6	1950	10	18	0	H	3	4.2	17.08	Ca?	Vivo	0	0	0	0	0	0	0	0	1	1	0	1	0	1	1	0	0	5
6	1950	11	20	0	H	1	2.37	14.53	Ca?	Seco	1	1	1	0	0	0	0	0	0	0	0	0	0	0	0	0	3	0
6	1950	11	20	0	H	1	2.37	14.53	Ca?	Vivo	0	0	0	1	1	1	1	1	0	0	0	0	0	0	0	0	5	0
6	1950	12	22	0	H	0.5	1.6	17.47	Radal	Seco	0	0	1	0	0	0	0	0	0	0	0	0	0	0	0	0	1	0
6	1950	12	22	0	H	0.5	1.6	17.47	Chaura	Seco	0	0	1	1	0	0	0	0	0	0	0	0	0	0	0	0	2	0
6	1950	12	22	0	H	0.5	1.6	17.47	Ca?	Vivo	0	0	1	0	0	0	0	0	0	0	0	0	0	0	0	0	1	0
6	1950	12	22	0	H	0.5	1.6	17.47	Radal	Vivo	0	0	0	0	1	1	0	0	0	0	0	0	0	0	0	0	2	0
6	1950	13	24	0	H	2	3	14.93	Ca?	Vivo	0	0	0	1	1	1	1	1	1	1	1	1	0	0	0	0	5	4
6	1950	14	26	0	H	2	3.2	18.76	Ca?	Vivo	0	0	0	1	0	1	1	1	1	1	0	0	1	0	0	0	4	3
6	1950	15	28	0	H	0.5	2	18.29	Ca?	Vivo	0	0	0	0	1	0	0	0	0	0	0	0	0	0	0	0	1	0
6	1950	16	30	0	H	1	4	18.03	Ca?	Seco	0	0	0	0	0	0	0	1	1	0	0	0	0	0	0	0	1	1
6	1950	16	30	0	H	1	4	18.03	Ca?	Vivo	0	0	0	0	0	0	0	0	0	1	1	1	0	1	0	0	0	4
6	1950	17	32	0	H	1.5	4.23	15.64	Ca?	Vivo	1	0	0	0	0	0	0	0	0	0	0	0	0	0	0	0	1	0
6	1950	17	32	0	H	1.5	4.23	15.64	Caha	Seco	1	0	0	0	0	0	0	0	0	0	0	0	0	0	0	0	1	0
6	1950	17	32	0	H	1.5	4.23	15.64	Coihue	Vivo	0	0	1	0	0	0	0	0	0	0	0	0	0	0	0	0	1	0
6	1950	18	34	0	H	0.5	5	16.74	Ca?	Seco	0	0	0	0	0	0	1	1	1	0	0	0	0	0	0	0	2	1
6	1950	18	34	0	H	0.5	5	16.74	Ca?	Vivo	0	0	0	0	0	0	0	0	0	1	1	1	1	1	1	0	0	6
6	1950	19	36	0	H	1.5	5	17.53	Ca?	Seco	0	1	1	0	0	0	0	1	0	0	0	0	0	0	0	0	3	0
6	1950	19	36	0	H	1.5	5	17.53	Ca?	Vivo	0	0	0	0	0	0	0	1	1	0	1	1	1	1	0	0	1	5
6	1950	20	38	0	H	1	2.9	18.84	Ca?	Seco	0	0	0	0	1	0	0	0	0	0	0	0	0	0	0	0	1	0
6	1950	20	38	0	H	1	2.9	18.84	Ca?	Vivo	0	0	0	0	0	0	1	1	1	0	0	0	1	0	0	0	2	2
6	1950	21	40	0	H	1	4.5	17.9	Ca?	Vivo	1	0	0	0	0	1	1	0	0	0	0	1	0	0	0	1	3	2
6	1950	22	42	0	H	1	4.5	18.47	Ca?	Seco	0	0	0	0	0	0	1	0	1	0	0	0	0	0	0	0	1	1
6	1950	22	42	0	H	1	4.5	18.47	Ca?	Vivo	0	0	0	0	0	0	0	0	0	0	1	1	1	1	0	0	0	4
6	1950	23	44	0	H	1	3.5	17.06	Ca?	Seco	1	0	0	1	1	1	0	0	0	0	0	0	0	0	0	0	4	0
6	1950	23	44	0	H	1	3.5	17.06	Ca?	Vivo	0	0	0	1	0	0	1	1	0	0	0	0	1	1	0	0	3	2
6	1950	24	46	0	H	1	4	17.79	Ca?	Seco	0	1	0	0	0	0	0	0	0	0	0	0	0	0	0	0	1	0
6	1950	24	46	0	H	1	4	17.79	Ca?	Vivo	0	0	0	0	1	1	1	1	1	1	1	1	0	1	1	0	4	6
6	1950	25	48	0	H	1	1.7	18.45	Ca?	Seco	0	1	0	0	0	0	0	0	0	0	0	0	0	0	0	0	1	0
6	1950	25	48	0	H	1	1.7	18.45	Ca?	Vivo	0	1	0	1	0	0	0	0	0	0	0	0	0	0	0	0	2	0
6	1950	26	50	0	H	1	2	18.84	Ca?	Vivo	0	0	0	0	0	0	0	0	1	0	0	0	0	0	0	0	0	1
6	1950	27	52	0	H	1	4	18.92	Ca?	Seco	1	0	0	0	0	0	0	0	0	0	0	0	0	0	0	0	1	0
6	1950	27	52	0	H	1	4	18.92	Ca?	Vivo	0	0	0	1	0	0	0	0	0	0	1	1	1	0	1	0	1	4
6	1950	28	54	0	H	2	2.17	18.43	Ca?	Seco	1	1	1	0	0	0	0	0	0	0	0	0	0	0	0	0	3	0
6	1950	28	54	0	H	2	2.17	18.43	Ca?	Vivo	0	0	1	0	1	0	0	0	0	0	0	0	0	0	0	0	2	0
6	1950	29	56	0	H	1.5	4.27	18.9	Ca?	Seco	0	0	1	0	0	1	0	1	0	0	0	0	0	0	0	0	3	0
6	1950	29	56	0	H	1.5	4.27	18.9	Ca?	Vivo	0	0	0	0	1	0	0	1	0	0	0	0	0	0	0	0	2	0
6	1950	30	58	0	H	1	5	17.5	Ca?	Seco	1	0	0	0	0	0	0	1	0	0	0	0	0	0	0	0	2	0
6	1950	30	58	0	H	1	5	17.5	Ca?	Vivo	0	1	0	0	0	0	0	1	1	1	0	0	0	1	1	1	2	5
6	1950	31	60	0	H	1	2.5	17.39	Ca?	Seco	1	1	0	0	0	0	0	0	0	0	0	0	0	0	0	0	2	0
6	1950	31	60	0	H	1	2.5	17.39	Ca?	Vivo	0	0	0	0	0	1	0	0	0	1	0	0	0	0	0	0	1	1
7	1987	1	0	0	H	NA	4	6.3	Maqui	Vivo	0	0	0	1	0	0	1	0	0	0	0	0	0	0	0	0	2	0
7	1987	1	0	0	H	NA	4	6.3	Coihue	Vivo	0	0	0	0	0	0	0	0	0	0	0	0	0	0	1	1	0	2
7	1987	2	2	0	H	NA	4	4	Coihue	Vivo	0	0	0	0	0	0	0	0	0	0	0	0	0	0	1	1	0	2
7	1987	2	2	0	H	NA	4	4	Coihue	Seco	0	0	0	0	0	0	1	0	0	0	0	0	0	0	0	0	1	0
7	1987	3	4	0	H	NA	3.5	0	Maqui	Vivo	1	1	0	0	0	0	0	0	0	0	0	0	0	0	0	0	2	0
7	1987	3	4	0	H	NA	3.5	0	Radal	Vivo	0	0	0	0	0	0	0	0	0	0	0	0	0	1	0	0	0	1
7	1987	3	4	0	H	NA	3.5	0	Radal	Seco	0	0	0	0	0	0	0	0	0	0	1	1	0	0	0	0	0	2
7	1987	4	6	0	H	NA	4	5	Coihue	Vivo	0	1	0	0	0	0	0	0	0	0	0	0	0	0	0	0	1	0
7	1987	4	6	0	H	NA	4	5	Coihue	Seco	0	0	0	0	0	0	0	0	0	0	0	0	0	0	1	1	0	2
7	1987	5	8	0	T	NA	1.5	5	Coihue	Seco	0	0	0	0	0	1	0	0	0	0	0	0	0	0	0	0	1	0
7	1987	6	10	0	T	NA	3	5	Maqui	Seco	0	0	0	0	0	0	1	0	0	0	1	1	0	0	0	0	1	2
7	1987	7	12	0	H	NA	5.25	6.5	Maqui	Vivo	0	0	0	0	0	0	0	0	0	0	0	0	0	0	1	1	0	2
7	1987	7	12	0	T	NA	5.25	6.5	Coihue	Seco	0	0	0	0	0	1	0	0	0	0	1	0	0	0	0	0	1	1
7	1987	8	14	0	H	NA	4	4	Coihue	Seco	0	0	0	0	0	0	1	0	0	0	0	0	0	0	0	1	1	1
7	1987	8	14	0	H	NA	4	4	saucodiablo	Seco	0	0	0	0	1	0	0	0	0	0	0	0	0	0	0	0	1	0
7	1987	9	16	0	H	NA	3.75	5	Ca?	Seco	0	1	0	0	0	0	0	0	0	0	0	0	0	1	1	0	1	2
7	1987	10	18	0	H	NA	4	3.5	Ca?	Seco	1	1	1	1	1	1	1	1	1	1	1	1	0	1	1	1	8	7
7	1987	11	20	0	H	NA	4	5.5	Ca?	Seco	0	0	0	1	1	1	0	0	0	0	0	0	0	0	0	0	3	0
7	1987	11	20	0	H	NA	4	5.5	Coihue	Vivo	0	0	1	1	0	0	0	0	0	0	0	0	0	0	1	1	2	2
7	1987	11	20	0	H	NA	4	5.5	Coihue	Seco	0	0	1	0	0	0	0	0	0	0	0	0	0	0	0	0	1	0
7	1987	12	22	0	T	NA	3.75	6.5	Ca?	Seco	0	0	0	0	1	0	0	0	0	0	0	0	0	0	0	0	1	0
7	1987	12	22	0	T	NA	3.75	6.5	Coihue	Vivo	0	0	0	0	0	0	0	0	0	0	0	0	1	1	1	0	0	3
7	1987	13	24	0	H	NA	4	5.7	Maqui	Vivo	0	0	0	0	0	0	0	0	0	0	1	1	1	1	1	0	0	5
7	1987	13	24	0	H	NA	4	5.7	Maqui	Seco	0	0	0	0	0	0	1	0	0	0	0	0	0	0	0	0	1	0
7	1987	13	24	0	H	NA	4	5.7	Mutisia	Seco	0	0	0	0	0	0	1	0	0	0	1	0	0	0	0	0	1	1
7	1987	13	24	0	H	NA	4	5.7	Coihue	Vivo	0	0	0	0	0	0	0	0	0	0	0	0	0	0	0	1	0	1
7	1987	13	24	0	H	NA	4	5.7	Coihue	Seco	0	0	0	1	1	0	0	0	1	0	0	0	0	0	0	0	2	1
7	1987	14	26	0	H	NA	3.75	6.5	Mutisia	Seco	0	0	0	1	1	0	0	0	0	0	0	0	0	0	0	0	2	0
7	1987	14	26	0	H	NA	3.75	6.5	Coihue	Vivo	0	0	0	0	0	1	0	0	0	0	0	0	0	0	0	0	1	0
7	1987	14	26	0	H	NA	3.75	6.5	Coihue	Seco	0	0	0	0	0	1	0	0	0	0	0	0	0	1	1	0	1	2
7	1987	14	26	0	H	NA	3.75	6.5	saucodiablo	Vivo	0	0	1	0	0	0	0	1	0	0	0	0	0	0	0	0	2	0
7	1987	15	28	0	H	NA	2.75	20	Mutisia	Seco	0	0	1	1	0	0	0	1	1	1	0	0	0	0	0	0	3	2
7	1987	15	28	0	H	NA	2.75	20	Coihue	Vivo	0	0	0	0	0	0	0	0	0	1	1	0	0	0	0	0	0	2
7	1987	16	30	0	T	NA	4	4	Maqui	Vivo	0	0	0	1	0	0	0	0	0	0	0	0	0	0	0	0	1	0
7	1987	16	30	0	T	NA	4	4	Coihue	Vivo	0	0	0	0	0	0	0	0	0	0	0	0	1	0	0	1	0	2
7	1987	17	32	0	H	NA	4	4.5	Ca?	Seco	1	0	0	1	1	0	0	0	0	0	0	0	0	0	0	0	3	0
7	1987	17	32	0	H	NA	4	4.5	Ca?	Vivo	0	0	0	1	1	0	0	0	0	0	0	0	0	0	0	0	2	0
7	1987	17	32	0	H	NA	4	4.5	Coihue	Vivo	0	0	0	0	0	0	0	0	0	0	0	0	0	0	0	1	0	1
7	1987	17	32	0	H	NA	4	4.5	Coihue	Seco	0	0	0	0	0	1	1	0	0	0	0	0	1	1	0	1	2	3
7	1987	18	34	0	H	NA	2.5	5	Ca?	Seco	0	0	0	0	0	0	1	0	0	0	0	0	0	0	0	0	1	0
7	1987	18	34	0	H	NA	2.5	5	Ca?	Vivo	0	1	0	0	1	1	1	0	0	0	0	0	0	0	0	0	4	0
7	1987	18	34	0	H	NA	2.5	5	Coihue	Seco	0	0	0	0	0	0	0	1	1	1	0	0	0	0	0	0	1	2
7	1987	19	36	0	H	NA	2.75	6	Ca?	Seco	0	1	0	1	1	0	0	0	0	0	0	0	0	0	0	0	3	0
7	1987	19	36	0	H	NA	2.75	6	Coihue	Seco	0	0	1	1	0	1	0	1	0	1	1	0	0	0	0	0	4	2
7	1987	20	38	0	T	NA	3.75	4.5	Coihue	Seco	0	0	0	0	0	0	0	0	0	0	0	0	0	0	1	0	0	1
7	1987	21	40	0	H	NA	4	5	Maqui	Vivo	0	0	0	0	0	0	0	0	0	1	0	0	0	0	0	0	0	1
7	1987	21	40	0	T	NA	4	5	Coihue	Seco	0	0	1	0	0	1	1	0	0	0	0	0	0	0	1	1	3	2
7	1987	22	42	0	H	NA	4	5	Maqui	Vivo	0	0	0	0	0	0	0	0	0	0	0	0	0	1	1	1	0	3
7	1987	22	42	0	H	NA	4	5	Ca?	Seco	0	1	0	0	0	0	0	0	0	0	0	0	0	0	0	0	1	0
7	1987	22	42	0	H	NA	4	5	Coihue	Vivo	0	0	0	0	0	0	0	0	0	0	0	0	0	1	1	1	0	3
7	1987	23	44	0	H	NA	1.25	0	Maqui	Seco	0	0	0	0	1	0	0	0	0	0	0	0	0	0	0	0	1	0
7	1987	24	46	0	H	NA	3.25	0	Maqui	Vivo	0	0	0	0	0	0	0	0	0	0	0	1	1	0	0	0	0	2
7	1987	24	46	0	H	NA	3.25	0	Maqui	Seco	0	0	0	0	0	0	0	0	1	1	0	0	0	0	0	0	0	2
7	1987	25	48	0	H	NA	4	5	Ca?	Seco	0	0	0	0	0	0	0	0	0	0	0	0	1	0	0	1	0	2
7	1987	25	48	0	H	NA	4	5	Coihue	Vivo	0	0	0	0	0	0	1	0	0	0	0	0	0	0	0	0	1	0
7	1987	26	50	0	H	NA	3.75	4.5	Maqui	Vivo	0	0	0	0	0	0	0	0	0	0	0	0	0	1	1	0	0	2
7	1987	26	50	0	H	NA	3.75	4.5	Ca?	Seco	1	1	1	1	1	1	1	1	1	1	1	0	0	0	0	0	8	3
7	1987	26	50	0	H	NA	3.75	4.5	Mutisia	Vivo	0	0	0	0	0	0	0	0	0	0	1	0	0	0	0	0	0	1
7	1987	27	52	0	H	NA	4	0	Maqui	Vivo	0	0	0	0	0	0	0	0	0	1	0	0	0	0	0	0	0	1
7	1987	27	52	0	H	NA	4	0	Ca?	Seco	0	1	1	1	1	1	0	0	0	0	0	0	0	0	0	0	5	0
7	1987	27	52	0	H	NA	4	0	Mutisia	Seco	0	1	1	1	1	1	0	0	0	0	0	0	0	0	0	0	5	0
7	1987	27	52	0	H	NA	4	0	Coihue	Vivo	0	0	0	0	0	0	0	0	0	0	0	0	0	0	0	1	0	1
7	1987	28	54	0	H	NA	4	4	Maqui	Vivo	0	0	0	0	0	0	0	0	0	0	0	0	1	1	1	1	0	4
7	1987	28	54	0	H	NA	4	4	Ca?	Seco	1	1	1	0	0	0	0	0	0	0	0	0	0	0	0	0	3	0
7	1987	28	54	0	H	NA	4	4	Mutisia	Vivo	0	0	0	0	0	0	1	0	0	0	0	0	0	0	0	0	1	0
7	1987	29	56	0	H	NA	4	0	Blinearifolia	Vivo	0	0	1	0	0	0	0	0	0	0	0	0	0	0	0	0	1	0
7	1987	29	56	0	H	NA	4	0	Ca?	Seco	0	0	0	0	0	1	1	0	0	0	0	0	0	0	0	0	2	0
7	1987	29	56	0	H	NA	4	0	Mutisia	Seco	0	0	0	0	0	0	0	0	0	0	1	1	1	0	0	0	0	3
7	1987	30	58	0	H	NA	4	4.5	Maqui	Seco	0	0	0	0	0	1	0	0	0	0	0	0	0	0	0	0	1	0
7	1987	30	58	0	H	NA	4	4.5	Ca?	Seco	0	1	0	0	0	0	0	1	1	0	0	0	0	0	0	0	2	1
7	1987	30	58	0	H	NA	4	4.5	Coihue	Vivo	0	0	0	0	0	0	0	0	0	0	0	0	0	0	0	1	0	1
7	1987	30	58	0	H	NA	4	4.5	Coihue	Seco	0	0	0	0	0	0	0	0	0	0	0	0	1	1	0	0	0	2
8	1987	1	0	0	T	1	4	2	Maqui	Vivo	0	0	0	0	0	0	1	0	0	0	0	0	0	0	0	0	1	0
8	1987	1	0	0	T	1	4	2	Maqui	Seco	0	0	0	0	0	0	0	0	0	0	0	0	0	0	0	1	0	1
8	1987	2	2	0	H	1	5	5	Coihue	Vivo	0	0	0	0	1	0	0	0	0	0	0	0	1	1	0	1	1	3
8	1987	2	2	0	H	1	5	5	Maqui	Vivo	0	0	0	0	0	0	1	1	1	1	1	1	1	1	1	1	2	8
8	1987	3	4	0	H	8	5	4.78	Maqui	Vivo	0	0	0	0	0	0	1	0	1	1	1	1	1	1	1	1	1	8
8	1987	4	6	0	H	6	3.5	3	Mutisia	Seco	0	0	0	0	1	1	0	0	0	1	0	0	0	0	0	0	2	1
8	1987	4	6	0	H	6	3.5	3	Coihue	Vivo	0	0	0	0	0	0	0	0	0	1	0	0	0	0	0	0	0	1
8	1987	5	8	0	S	0	4.5	6.6	Maqui	Vivo	1	1	0	0	0	0	0	0	0	0	0	0	0	0	0	0	2	0
8	1987	5	8	0	S	0	4.5	6.6	Maqui	Seco	0	0	0	0	0	0	0	0	0	0	1	0	0	1	0	0	0	2
8	1987	5	8	0	S	0	4.5	6.6	Mutisia	Seco	0	0	0	0	0	0	0	1	1	0	0	0	0	0	0	1	1	2
8	1987	6	10	0	H	1	9.12	6.3	Ca?	Seco	0	0	0	0	0	0	0	0	0	0	0	1	1	0	0	0	0	2
8	1987	6	10	0	H	1	9.12	6.3	Maqui	Seco	0	0	0	0	0	0	0	0	0	0	0	1	1	0	0	0	0	2
8	1987	7	12	0	H	5	6	3	Coihue	Vivo	0	0	0	0	0	0	0	1	0	0	0	0	0	0	0	0	1	0
8	1987	7	12	0	H	5	6	3	Maqui	Vivo	0	0	0	0	0	0	0	0	0	0	0	0	0	0	1	1	0	2
8	1987	7	12	0	H	5	6	3	Maqui	Seco	0	0	0	0	0	0	0	0	0	0	0	0	1	0	0	0	0	1
8	1987	8	14	0	H	6	4	2	Maqui	Vivo	0	0	0	0	0	0	0	0	0	1	1	1	0	1	0	1	0	5
8	1987	8	14	0	H	6	4	2	Maqui	Seco	0	0	0	0	0	0	1	0	0	0	0	0	0	0	0	0	1	0
8	1987	8	14	0	H	6	4	2	Ca?	Vivo	0	0	0	0	0	0	0	0	0	0	0	1	1	0	0	0	0	2
8	1987	9	16	0	H	2	5	1	Coihue	Seco	1	0	0	0	0	0	0	0	1	1	0	0	1	0	0	0	1	3
8	1987	10	18	0	H	2	3.5	1.5	Cipres	Vivo	1	1	1	1	1	1	1	1	0	0	0	0	0	0	0	0	8	0
8	1987	10	18	0	H	2	3.5	1.5	Coihue	Vivo	0	0	0	0	0	0	0	0	0	0	0	0	1	0	0	0	0	1
8	1987	10	18	0	H	2	3.5	1.5	Coihue	Seco	0	0	0	0	0	0	0	1	0	0	0	0	0	0	0	0	1	0
8	1987	10	18	0	H	2	3.5	1.5	Ca?	Vivo	0	0	0	0	0	0	0	0	0	1	1	1	1	0	0	0	0	4
8	1987	11	20	0	H	2	2.5	3.5	Maqui	Vivo	0	0	0	1	0	0	0	0	0	0	0	0	0	0	0	0	1	0
8	1987	11	20	0	H	2	2.5	3.5	Coihue	Vivo	0	0	0	0	0	0	0	0	0	0	0	0	0	0	1	1	0	2
8	1987	12	22	0	R	0	2.5	NA	Maqui	Vivo	0	0	0	0	1	0	0	0	0	0	0	0	0	0	0	0	1	0
8	1987	13	24	0	R	0	2.5	NA	Maqui	Vivo	0	0	0	0	0	0	1	0	0	0	0	0	0	0	0	0	1	0
8	1987	14	26	0	R	0	4	4	Maqui	Vivo	0	0	1	0	0	0	1	1	0	0	0	0	1	0	1	0	3	2
8	1987	15	28	0	H	2	4	1	Mchubutensis	Vivo	1	1	1	0	0	0	0	0	0	0	0	0	0	0	0	0	3	0
8	1987	15	28	0	H	2	4	1	Maqui	Seco	0	0	0	1	1	0	0	0	0	0	0	0	0	0	0	0	2	0
8	1987	15	28	0	H	2	4	1	Coihue	Vivo	0	0	0	0	0	0	1	0	0	1	1	0	1	0	1	1	1	5
8	1987	16	30	0	T	0	6	1	Coihue	Vivo	0	0	0	0	0	0	0	0	0	0	0	0	0	1	0	0	0	1
8	1987	16	30	0	T	0	6	1	Coihue	Seco	1	0	0	1	1	0	0	0	0	0	0	0	0	0	0	0	3	0
8	1987	16	30	0	T	0	6	1	Maqui	Vivo	0	0	0	0	0	0	1	0	0	0	0	1	0	0	1	1	1	3
8	1987	17	32	0	H	5	6	2	Coihue	Seco	0	0	0	0	0	0	1	0	0	0	0	0	0	0	0	0	1	0
8	1987	17	32	0	H	5	6	2	Maqui	Vivo	0	0	0	0	0	0	0	0	0	0	1	0	1	1	0	1	0	4
8	1987	18	34	0	H	1	5.2	2	Coihue	Seco	1	1	1	0	0	0	1	1	1	1	1	1	1	1	1	1	5	8
8	1987	18	34	0	H	1	5.2	2	Maqui	Vivo	0	0	0	0	0	0	0	0	0	1	0	0	0	0	0	0	0	1
8	1987	19	36	0	H	2	7	2	Coihue	Seco	0	0	0	0	0	0	1	1	0	1	1	0	0	0	0	0	2	2
8	1987	20	38	0	H	3	6	2	Coihue	Seco	0	0	0	0	0	0	1	1	0	1	1	0	0	0	0	0	2	2
8	1987	20	38	0	H	3	6	2	Maqui	Vivo	0	0	0	0	0	0	0	0	0	0	0	0	1	1	0	0	0	2
8	1987	21	40	0	H	2	7.6	2.5	Ca?	Seco	0	0	0	1	0	0	0	0	1	0	1	1	0	0	0	0	1	3
8	1987	21	40	0	H	2	7.6	2.5	Maqui	Seco	0	0	0	0	0	0	0	0	0	1	0	0	1	1	0	1	0	4
8	1987	22	42	0	H	2	6.1	5.5	Blinearifolia	Seco	0	0	1	0	0	0	0	0	0	0	0	0	0	0	0	0	1	0
8	1987	22	42	0	H	2	6.1	5.5	Maqui	Seco	0	0	0	0	0	1	0	0	0	0	0	0	0	0	0	0	1	0
8	1987	22	42	0	H	2	6.1	5.5	Ca?	Seco	0	0	0	0	0	0	0	0	0	0	1	0	0	0	0	0	0	1
8	1987	23	44	0	H	3.5	4.7	1.7	Ca?	Seco	0	0	0	0	0	0	0	0	1	0	0	0	0	0	0	0	0	1
8	1987	23	44	0	H	3.5	4.7	1.7	Maqui	Vivo	0	0	0	0	0	0	0	0	0	0	0	0	0	0	1	0	0	1
8	1987	24	46	0	H	2	7.3	4.23	Coihue	Seco	0	0	0	0	0	0	1	1	0	0	0	0	0	0	0	0	2	0
8	1987	24	46	0	H	2	7.3	4.23	Maqui	Vivo	0	0	0	0	0	0	0	0	0	0	0	0	0	1	1	0	0	2
8	1987	25	48	0	T	0	4.88	1.6	Coihue	Seco	0	0	0	0	0	0	0	0	0	0	0	1	0	0	0	0	0	1
8	1987	25	48	0	T	0	4.88	1.6	Maqui	Vivo	0	0	0	0	0	0	0	0	0	0	0	0	1	0	0	1	0	2
8	1987	26	50	0	T	0.5	5.85	2	Ca?	Vivo	1	1	0	0	0	0	0	0	1	1	0	0	0	0	0	0	2	2
8	1987	27	52	0	H	3	4	2.5	Coihue	Seco	0	0	0	0	0	0	0	1	0	0	0	0	0	0	0	0	1	0
8	1987	27	52	0	H	3	4	2.5	Ca?	Vivo	0	0	0	0	0	0	0	0	0	0	0	1	1	1	0	0	0	3
8	1987	28	54	0	H	1	4	3.3	Coihue	Vivo	1	0	0	0	0	0	0	0	0	0	0	0	0	0	0	0	1	0
8	1987	28	54	0	H	1	4	3.3	Ca?	Vivo	0	0	0	0	0	0	0	0	0	1	1	0	0	0	1	1	0	4
8	1987	29	56	0	H	2	6.25	4.5	Coihue	Seco	0	0	0	0	0	0	1	0	0	0	0	0	0	0	0	0	1	0
8	1987	29	56	0	H	2	6.25	4.5	Ca?	Vivo	0	0	0	0	0	0	0	0	1	1	1	1	0	0	0	0	0	4
8	1987	29	56	0	H	2	6.25	4.5	Ca?	Seco	0	0	0	0	0	0	1	1	1	0	0	0	0	0	0	0	2	1
8	1987	30	58	0	H	4	5.3	3.3	Coihue	Seco	1	0	0	0	0	0	0	0	0	0	0	0	0	0	0	0	1	0
8	1987	30	58	0	H	4	5.3	3.3	Maqui	Seco	0	0	0	0	0	0	0	0	0	0	0	1	1	0	0	0	0	2
8	1987	30	58	0	H	4	5.3	3.3	Ca?	Seco	0	0	0	0	0	0	0	0	0	0	0	0	0	1	0	0	0	1
8	1987	31	60	0	H	3	7.3	2	Coihue	Seco	0	0	0	0	0	0	0	0	0	0	1	1	1	0	0	0	0	3
9	1999	1	0	0	C	1	1.6	NA	Vicia	Vivo	1	1	0	0	0	0	0	0	0	0	0	0	0	0	0	0	2	0
9	1999	1	0	0	C	1	1.6	NA	Ribes	Vivo	1	1	1	1	0	0	0	0	0	0	0	0	0	0	0	0	4	0
9	1999	2	2	0	C	0	1.1	NA	Compuesta	Vivo	1	0	0	0	0	0	0	0	0	0	0	0	0	0	0	0	1	0
9	1999	2	2	0	C	0	1.1	NA	Graminea	Seco	0	0	1	1	0	0	0	0	0	0	0	0	0	0	0	0	2	0
9	1999	3	4	0	T	0	0	NA	NA	NA	0	0	0	0	0	0	0	0	0	0	0	0	0	0	0	0	0	0
9	1999	4	6	0	H	2	1.4	NA	Graminea	Vivo	1	1	0	0	0	0	0	0	0	0	0	0	0	0	0	0	2	0
9	1999	4	6	0	H	2	1.4	NA	Graminea	Seco	1	0	0	0	0	0	0	0	0	0	0	0	0	0	0	0	1	0
9	1999	4	6	0	H	2	1.4	NA	Maqui	Vivo	0	1	1	0	0	0	0	0	0	0	0	0	0	0	0	0	2	0
9	1999	4	6	0	H	2	1.4	NA	Ribes	Vivo	0	0	0	1	1	0	0	0	0	0	0	0	0	0	0	0	2	0
9	1999	4	6	0	H	2	1.4	NA	Compuesta	Vivo	0	1	0	0	0	0	0	0	0	0	0	0	0	0	0	0	1	0
9	1999	5	8	0	H	2	1.6	1.2	Graminea	Vivo	1	1	0	0	0	0	0	0	0	0	0	0	0	0	0	0	2	0
9	1999	5	8	0	H	2	1.6	1.2	Ribes	Vivo	0	1	0	0	0	0	0	0	0	0	0	0	0	0	0	0	1	0
9	1999	6	10	0	H	0.5	1	0.8	Laura	Vivo	1	1	1	0	0	0	0	0	0	0	0	0	0	0	0	0	3	0
9	1999	6	10	0	H	0.5	1	0.8	Mutisia	Vivo	0	1	0	0	0	0	0	0	0	0	0	0	0	0	0	0	1	0
9	1999	6	10	0	H	0.5	1	0.8	Mutisia	Seco	0	1	0	0	0	0	0	0	0	0	0	0	0	0	0	0	1	0
9	1999	6	10	0	H	0.5	1	0.8	Galium	Vivo	0	0	1	0	0	0	0	0	0	0	0	0	0	0	0	0	1	0
9	1999	7	12	0	H	1	0.3	0.6	Graminea	Seco	1	0	0	0	0	0	0	0	0	0	0	0	0	0	0	0	1	0
9	1999	7	12	0	H	1	0.3	0.6	Graminea	Vivo	1	0	0	0	0	0	0	0	0	0	0	0	0	0	0	0	1	0
9	1999	7	12	0	H	1	0.3	0.6	Galium	Seco	0	1	0	0	0	0	0	0	0	0	0	0	0	0	0	0	1	0
9	1999	7	12	0	H	1	0.3	0.6	Galium	Vivo	0	1	0	0	0	0	0	0	0	0	0	0	0	0	0	0	1	0
9	1999	8	14	0	C	0	0	NA	Geranio	Vivo	1	0	0	0	0	0	0	0	0	0	0	0	0	0	0	0	1	0
9	1999	8	14	0	C	0	0	NA	Graminea	Seco	1	0	0	0	0	0	0	0	0	0	0	0	0	0	0	0	1	0
9	1999	9	16	0	H	0.5	0	NA	Graminea	Seco	1	0	0	0	0	0	0	0	0	0	0	0	0	0	0	0	1	0
9	1999	10	18	0	H	0.5	0	NA	Compuesta	Vivo	1	0	0	0	0	0	0	0	0	0	0	0	0	0	0	0	1	0
9	1999	10	18	0	H	0.5	0	NA	Graminea	Seco	1	0	0	0	0	0	0	0	0	0	0	0	0	0	0	0	1	0
9	1999	11	20	0	H	1	0.8	NA	Compuesta	Vivo	1	0	0	0	0	0	0	0	0	0	0	0	0	0	0	0	1	0
9	1999	11	20	0	H	1	0.8	NA	Compuesta	Seco	1	0	0	0	0	0	0	0	0	0	0	0	0	0	0	0	1	0
9	1999	12	22	0	C	0	1	NA	Compuesta	Vivo	0	1	0	0	0	0	0	0	0	0	0	0	0	0	0	0	1	0
9	1999	12	22	0	C	0	1	NA	Compuesta	Seco	1	0	0	0	0	0	0	0	0	0	0	0	0	0	0	0	1	0
9	1999	13	24	0	H	1	1	NA	Galium	Vivo	1	0	0	0	0	0	0	0	0	0	0	0	0	0	0	0	1	0
9	1999	13	24	0	H	1	1	NA	Galium	Seco	1	0	0	0	0	0	0	0	0	0	0	0	0	0	0	0	1	0
9	1999	13	24	0	H	1	1	NA	Ca?	Vivo	1	0	0	0	0	0	0	0	0	0	0	0	0	0	0	0	1	0
9	1999	13	24	0	H	1	1	NA	Laura	Vivo	0	0	1	0	0	0	0	0	0	0	0	0	0	0	0	0	1	0
9	1999	14	26	0	H	2	0.75	0.1	Ca?	Seco	1	1	0	0	0	0	0	0	0	0	0	0	0	0	0	0	2	0
9	1999	14	26	0	H	2	0.75	0.1	Vicia	Vivo	1	1	0	0	0	0	0	0	0	0	0	0	0	0	0	0	2	0
9	1999	14	26	0	H	2	0.75	0.1	Coihue	Vivo	1	1	0	0	1	0	0	0	1	0	0	1	0	0	0	1	3	3
9	1999	15	28	0	H	2	0.4	0.6	Graminea	Vivo	1	1	0	0	0	0	0	0	0	0	0	0	0	0	0	0	2	0
9	1999	15	28	0	H	2	0.4	0.6	Graminea	Seco	1	1	0	0	0	0	0	0	0	0	0	0	0	0	0	0	2	0
9	1999	15	28	0	H	2	0.4	0.6	Vicia	Vivo	0	0	1	1	0	0	0	0	0	0	0	0	0	0	0	0	2	0
9	1999	15	28	0	H	2	0.4	0.6	Coihue	Vivo	0	0	1	1	0	1	1	1	0	0	1	0	0	1	1	1	5	4
9	1999	16	30	0	H	1	0	NA	Galium	Vivo	1	0	0	0	0	0	0	0	0	0	0	0	0	0	0	0	1	0
9	1999	16	30	0	H	1	0	NA	Galium	Seco	1	0	0	0	0	0	0	0	0	0	0	0	0	0	0	0	1	0
9	1999	17	32	0	C	0	0	NA	Graminea	Vivo	1	0	0	0	0	0	0	0	0	0	0	0	0	0	0	0	1	0
9	1999	17	32	0	C	0	0	NA	Graminea	Seco	1	0	0	0	0	0	0	0	0	0	0	0	0	0	0	0	1	0
9	1999	18	34	0	C	0.5	1.5	0.4	Vicia	Vivo	1	0	0	0	0	0	0	0	0	0	0	0	0	0	0	0	1	0
9	1999	18	34	0	C	0.5	1.5	0.4	Maqui	Vivo	0	0	0	1	1	0	0	0	0	0	0	0	0	0	0	0	2	0
9	1999	19	36	0	H	1	2	0.1	Vicia	Vivo	1	1	0	0	0	0	0	0	0	0	0	0	0	0	0	0	2	0
9	1999	19	36	0	H	1	2	0.1	Maqui	Vivo	0	0	1	0	1	1	0	0	0	0	0	0	0	0	0	0	3	0
9	1999	20	38	0	S	0	0	1.7	Graminea	Vivo	1	0	0	0	0	0	0	0	0	0	0	0	0	0	0	0	1	0
9	1999	20	38	0	S	0	0	1.7	Coihue	Vivo	0	0	0	0	0	0	0	0	0	0	0	1	0	0	0	0	0	1
9	1999	21	40	0	H	2	0	NA	Vicia	Vivo	0	1	1	0	0	0	0	0	0	0	0	0	0	0	0	0	2	0
9	1999	21	40	0	H	2	0	NA	Ribes	Vivo	0	0	0	0	1	0	0	1	0	0	0	0	0	0	0	0	2	0
9	1999	22	42	0	H	2	2.5	NA	Amancay	Vivo	1	1	0	0	0	0	0	0	0	0	0	0	0	0	0	0	2	0
9	1999	22	42	0	H	2	2.5	NA	Amancay	Seco	1	1	0	0	0	0	0	0	0	0	0	0	0	0	0	0	2	0
9	1999	22	42	0	H	2	2.5	NA	Ribes	Vivo	0	0	0	0	1	0	0	0	0	0	0	0	0	0	0	0	1	0
9	1999	22	42	0	H	2	2.5	NA	Calafate	Vivo	0	0	0	1	0	0	0	0	0	0	0	0	0	0	0	0	1	0
9	1999	23	44	0	H	1	1.1	NA	Graminea	Vivo	1	1	0	0	0	0	0	0	0	0	0	0	0	0	0	0	2	0
9	1999	23	44	0	H	1	1.1	NA	Graminea	Seco	1	1	0	0	0	0	0	0	0	0	0	0	0	0	0	0	2	0
9	1999	23	44	0	H	1	1.1	NA	Geranio	Vivo	1	0	0	0	0	0	0	0	0	0	0	0	0	0	0	0	1	0
9	1999	24	46	0	R	0	0.35	NA	Graminea	Seco	1	1	1	0	0	0	0	0	0	0	0	0	0	0	0	0	3	0
9	1999	25	48	0	R	0	0.26	NA	Graminea	Seco	1	1	0	0	0	0	0	0	0	0	0	0	0	0	0	0	2	0
9	1999	26	50	0	R	0	1.3	NA	Graminea	Seco	1	1	0	0	0	0	0	0	0	0	0	0	0	0	0	0	2	0
9	1999	27	52	0	H	3	2.6	NA	Graminea	Vivo	1	1	0	0	0	0	0	0	0	0	0	0	0	0	0	0	2	0
9	1999	27	52	0	H	3	2.6	NA	Graminea	Seco	1	1	0	0	0	0	0	0	0	0	0	0	0	0	0	0	2	0
9	1999	27	52	0	H	3	2.6	NA	Geranio	Vivo	0	1	0	0	0	0	0	0	0	0	0	0	0	0	0	0	1	0
9	1999	27	52	0	H	3	2.6	NA	Calafate	Vivo	0	0	0	1	0	0	0	0	0	0	0	0	0	0	0	0	1	0
9	1999	27	52	0	H	3	2.6	NA	Laura	Vivo	0	0	0	0	0	1	1	1	1	1	0	0	0	0	0	0	3	2
9	1999	28	54	0	H	2	1.5	NA	Amancay	Vivo	1	1	1	1	0	0	0	0	0	0	0	0	0	0	0	0	4	0
9	1999	28	54	0	H	2	1.5	NA	Galium	Vivo	1	0	0	0	0	0	0	0	0	0	0	0	0	0	0	0	1	0
9	1999	28	54	0	H	2	1.5	NA	Galium	Seco	1	0	0	0	0	0	0	0	0	0	0	0	0	0	0	0	1	0
9	1999	28	54	0	H	2	1.5	NA	Mutisia	Vivo	0	0	1	0	0	0	0	0	0	0	0	0	0	0	0	0	1	0
9	1999	28	54	0	H	2	1.5	NA	Ribes	Vivo	0	0	0	0	0	1	0	0	0	0	0	0	0	0	0	0	1	0
9	1999	29	56	0	H	3	2.6	NA	Mutisia	Vivo	1	1	1	1	0	0	0	0	0	0	0	0	0	0	0	0	4	0
9	1999	29	56	0	H	3	2.6	NA	Mutisia	Seco	0	0	1	1	0	0	0	0	0	0	0	0	0	0	0	0	2	0
9	1999	29	56	0	H	3	2.6	NA	Amancay	Vivo	0	1	0	0	0	0	0	0	0	0	0	0	0	0	0	0	1	0
9	1999	29	56	0	H	3	2.6	NA	Maiten	Vivo	0	0	0	0	0	0	0	0	0	1	0	0	0	0	0	0	0	1
9	1999	30	58	0	H	1	1.3	NA	Graminea	Vivo	1	0	0	0	0	0	0	0	0	0	0	0	0	0	0	0	1	0
9	1999	30	58	0	H	1	1.3	NA	Graminea	Seco	1	0	0	0	0	0	0	0	0	0	0	0	0	0	0	0	1	0
9	1999	31	60	0	H	0.5	1.7	NA	Graminea	Vivo	1	0	0	0	0	0	0	0	0	0	0	0	0	0	0	0	1	0
9	1999	31	60	0	H	0.5	1.7	NA	Graminea	Seco	1	0	0	0	0	0	0	0	0	0	0	0	0	0	0	0	1	0
9	1999	31	60	0	H	0.5	1.7	NA	Ribes	Vivo	0	0	0	0	1	0	0	0	0	0	0	0	0	0	0	0	1	0
10	1999	1	0	0	H	1	0.6	NA	Maqui	Vivo	1	1	0	0	0	0	0	0	0	0	0	0	0	0	0	0	2	0
10	1999	1	0	0	H	1	0.6	NA	Graminea	Vivo	1	0	0	0	0	0	0	0	0	0	0	0	0	0	0	0	1	0
10	1999	1	0	0	H	1	0.6	NA	Graminea	Seco	1	0	0	0	0	0	0	0	0	0	0	0	0	0	0	0	1	0
10	1999	2	2	0	C	0.5	0.1	NA	NA	NA	0	0	0	0	0	0	0	0	0	0	0	0	0	0	0	0	0	0
10	1999	3	4	0	H	0.5	4	3	Graminea	Vivo	1	0	0	0	0	0	0	0	0	0	0	0	0	0	0	0	1	0
10	1999	3	4	0	H	0.5	4	3	Graminea	Seco	1	0	0	0	0	0	0	0	0	0	0	0	0	0	0	0	1	0
10	1999	4	6	0	H	1	0	1	Coihue	Vivo	0	0	0	1	0	0	0	0	0	0	0	0	0	0	0	0	1	0
10	1999	5	8	0	T	0	1	4	Ca?	Seco	0	0	0	1	0	0	0	0	0	0	0	0	0	0	0	0	1	0
10	1999	6	10	0	H	2	0	NA	Ca?	Seco	1	0	0	0	0	0	0	0	0	0	0	0	0	0	0	0	1	0
10	1999	7	12	0	H	2	0.35	NA	Compuesta	Vivo	1	1	0	0	0	0	0	0	0	0	0	0	0	0	0	0	2	0
10	1999	8	14	0	H	2	2.1	NA	Graminea	Vivo	1	1	0	0	0	0	0	0	0	0	0	0	0	0	0	0	2	0
10	1999	8	14	0	H	2	2.1	NA	Graminea	Seco	1	1	0	0	0	0	0	0	0	0	0	0	0	0	0	0	2	0
10	1999	8	14	0	H	2	2.1	NA	Compuesta	Vivo	0	1	1	0	0	0	0	0	0	0	0	0	0	0	0	0	2	0
10	1999	8	14	0	H	2	2.1	NA	Ca?	Seco	0	0	0	0	0	0	0	1	1	0	0	0	0	0	0	0	1	1
10	1999	9	16	0	H	0.5	0.3	NA	Graminea	Vivo	1	0	0	0	0	0	0	0	0	0	0	0	0	0	0	0	1	0
10	1999	9	16	0	H	0.5	0.3	NA	Graminea	Seco	1	0	0	0	0	0	0	0	0	0	0	0	0	0	0	0	1	0
10	1999	9	16	0	H	0.5	0.3	NA	Vicia	Vivo	0	1	0	0	0	0	0	0	0	0	0	0	0	0	0	0	1	0
10	1999	9	16	0	H	0.5	0.3	NA	Compuesta	Vivo	0	1	0	0	0	0	0	0	0	0	0	0	0	0	0	0	1	0
10	1999	10	18	0	H	1	0.8	NA	Graminea	Vivo	1	0	0	0	0	0	0	0	0	0	0	0	0	0	0	0	1	0
10	1999	10	18	0	H	1	0.8	NA	Graminea	Seco	1	0	0	0	0	0	0	0	0	0	0	0	0	0	0	0	1	0
10	1999	10	18	0	H	1	0.8	NA	Galium	Vivo	1	0	0	0	0	0	0	0	0	0	0	0	0	0	0	0	1	0
10	1999	10	18	0	H	1	0.8	NA	Mutisia	Vivo	1	1	1	0	0	0	0	0	0	0	0	0	0	0	0	0	3	0
10	1999	11	20	0	H	2	3.5	NA	Graminea	Vivo	1	1	1	0	0	0	0	0	0	0	0	0	0	0	0	0	3	0
10	1999	11	20	0	H	2	3.5	NA	Graminea	Seco	1	1	1	0	0	0	0	0	0	0	0	0	0	0	0	0	3	0
10	1999	11	20	0	H	2	3.5	NA	Vicia	Vivo	0	1	1	0	0	0	0	0	0	0	0	0	0	0	0	0	2	0
10	1999	11	20	0	H	2	3.5	NA	Compuesta	Vivo	0	0	1	1	0	0	0	0	0	0	0	0	0	0	0	0	2	0
10	1999	11	20	0	H	2	3.5	NA	Ca?	Seco	0	0	0	0	0	0	0	0	0	1	0	0	1	0	0	0	0	2
10	1999	12	22	0	T	0	1.3	NA	Amancay	Vivo	1	0	0	0	0	0	0	0	0	0	0	0	0	0	0	0	1	0
10	1999	12	22	0	T	0	1.3	NA	Vicia	Vivo	1	1	0	0	0	0	0	0	0	0	0	0	0	0	0	0	2	0
10	1999	12	22	0	T	0	1.3	NA	Compuesta	Vivo	0	1	0	0	0	0	0	0	0	0	0	0	0	0	0	0	1	0
10	1999	13	24	0	V	0	0.6	NA	Tara0acum	Vivo	1	0	0	0	0	0	0	0	0	0	0	0	0	0	0	0	1	0
10	1999	13	24	0	V	0	0.6	NA	Vicia	Vivo	1	1	0	0	0	0	0	0	0	0	0	0	0	0	0	0	2	0
10	1999	14	26	0	H	1	3	NA	Amancay	Vivo	1	1	0	0	0	0	0	0	0	0	0	0	0	0	0	0	2	0
10	1999	14	26	0	H	1	3	NA	Galium	Vivo	1	1	0	0	0	0	0	0	0	0	0	0	0	0	0	0	2	0
10	1999	15	28	0	H	3	3	NA	Ca?	Seco	1	1	1	0	0	0	0	0	1	0	0	0	0	0	0	0	3	1
10	1999	15	28	0	H	3	3	NA	Vicia	Vivo	0	1	1	1	1	0	0	0	0	0	0	0	0	0	0	0	4	0
10	1999	15	28	0	H	3	3	NA	Mutisia	Vivo	0	0	0	0	1	1	0	0	0	0	0	0	0	0	0	0	2	0
10	1999	16	30	0	V	0	2	NA	Graminea	Vivo	1	0	0	0	0	0	0	0	0	0	0	0	0	0	0	0	1	0
10	1999	16	30	0	V	0	2	NA	Graminea	Seco	1	0	0	0	0	0	0	0	0	0	0	0	0	0	0	0	1	0
10	1999	16	30	0	V	0	2	NA	Compuesta	Vivo	1	1	0	0	0	0	0	0	0	0	0	0	0	0	0	0	2	0
10	1999	16	30	0	V	0	2	NA	Vicia	Vivo	1	1	1	0	0	0	0	0	0	0	0	0	0	0	0	0	3	0
10	1999	16	30	0	V	0	2	NA	Ca?	Vivo	0	0	0	0	1	0	1	0	0	0	0	0	0	0	0	0	2	0
10	1999	17	32	0	H	1	0.9	0.8	Graminea	Vivo	1	0	0	0	0	0	0	0	0	0	0	0	0	0	0	0	1	0
10	1999	17	32	0	H	1	0.9	0.8	Graminea	Seco	1	0	0	0	0	0	0	0	0	0	0	0	0	0	0	0	1	0
10	1999	17	32	0	H	1	0.9	0.8	Ribes	Vivo	1	0	0	0	0	0	0	0	0	0	0	0	0	0	0	0	1	0
10	1999	17	32	0	H	1	0.9	0.8	Coihue	Vivo	0	1	0	0	0	0	0	0	0	0	0	0	0	0	0	0	1	0
10	1999	18	34	0	H	2	0.5	0.1	Compuesta	Vivo	1	1	0	0	0	0	0	0	0	0	0	0	0	0	0	0	2	0
10	1999	18	34	0	H	2	0.5	0.1	Galium	Vivo	1	0	0	0	0	0	0	0	0	0	0	0	0	0	0	0	1	0
10	1999	18	34	0	H	2	0.5	0.1	Galium	Seco	1	0	0	0	0	0	0	0	0	0	0	0	0	0	0	0	1	0
10	1999	18	34	0	H	2	0.5	0.1	Mutisia	Vivo	0	0	1	0	0	0	0	0	0	0	0	0	0	0	0	0	1	0
10	1999	18	34	0	H	2	0.5	0.1	Coihue	Vivo	0	0	1	1	1	0	1	1	1	1	1	1	1	0	1	0	5	6
10	1999	19	36	0	T	0	0	NA	Compuesta	Vivo	1	0	0	0	0	0	0	0	0	0	0	0	0	0	0	0	1	0
10	1999	20	38	0	V	0	1	NA	Graminea	Vivo	1	0	0	0	0	0	0	0	0	0	0	0	0	0	0	0	1	0
10	1999	20	38	0	V	0	1	NA	Graminea	Seco	1	0	0	0	0	0	0	0	0	0	0	0	0	0	0	0	1	0
10	1999	20	38	0	V	0	1	NA	Ribes	Vivo	0	1	0	0	0	0	0	0	0	0	0	0	0	0	0	0	1	0
10	1999	21	40	0	H	1	1.1	NA	Graminea	Seco	1	0	0	0	0	0	0	0	0	0	0	0	0	0	0	0	1	0
10	1999	21	40	0	H	1	1.1	NA	Ribes	Vivo	0	0	0	1	1	0	0	0	0	0	0	0	0	0	0	0	2	0
10	1999	22	42	0	H	1	2	NA	Graminea	Seco	1	1	1	0	1	0	0	0	0	0	0	0	0	0	0	0	4	0
10	1999	23	44	0	H	2	2	NA	Amancay	Vivo	1	1	0	0	0	0	0	0	0	0	0	0	0	0	0	0	2	0
10	1999	23	44	0	H	2	2	NA	Vicia	Vivo	0	0	1	1	0	0	0	0	0	0	0	0	0	0	0	0	2	0
10	1999	23	44	0	H	2	2	NA	Mutisia	Vivo	0	0	1	1	0	0	0	0	0	0	0	0	0	0	0	0	2	0
10	1999	23	44	0	H	2	2	NA	Ribes	Vivo	0	0	0	0	1	1	0	0	0	0	0	0	0	0	0	0	2	0
10	1999	23	44	0	H	2	2	NA	Ca?	Seco	0	0	0	0	0	1	0	1	0	0	0	0	0	0	0	0	2	0
10	1999	24	46	0	H	2	1	NA	Ca?	Seco	1	0	0	0	0	0	0	0	0	0	0	0	0	0	0	0	1	0
10	1999	25	48	0	H	2	1.1	NA	Compuesta	Vivo	1	1	0	0	0	0	0	0	0	0	0	0	0	0	0	0	2	0
10	1999	25	48	0	H	2	1.1	NA	Vicia	Vivo	0	1	1	1	0	0	0	0	0	0	0	0	0	0	0	0	3	0
10	1999	25	48	0	H	2	1.1	NA	Ca?	Seco	0	0	0	0	1	0	0	0	0	0	0	0	0	0	0	0	1	0
10	1999	26	50	0	H	1	1.3	NA	Compuesta	Vivo	1	0	0	0	0	0	0	0	0	0	0	0	0	0	0	0	1	0
10	1999	27	52	0	H	0.5	0.6	NA	Graminea	Vivo	1	0	0	0	0	0	0	0	0	0	0	0	0	0	0	0	1	0
10	1999	27	52	0	H	0.5	0.6	NA	Graminea	Seco	1	0	0	0	0	0	0	0	0	0	0	0	0	0	0	0	1	0
10	1999	27	52	0	H	0.5	0.6	NA	Compuesta	Vivo	1	0	1	0	0	0	0	0	0	0	0	0	0	0	0	0	2	0
10	1999	28	54	0	H	1	0.3	1.3	Compuesta	Vivo	1	1	0	0	0	0	0	0	0	0	0	0	0	0	0	0	2	0
10	1999	28	54	0	H	1	0.3	1.3	Graminea	Vivo	1	0	0	0	0	0	0	0	0	0	0	0	0	0	0	0	1	0
10	1999	29	56	0	V	0	0.3	1.5	Graminea	Vivo	1	0	0	0	0	0	0	0	0	0	0	0	0	0	0	0	1	0
10	1999	29	56	0	V	0	0.3	1.5	Graminea	Seco	1	0	0	0	0	0	0	0	0	0	0	0	0	0	0	0	1	0
10	1999	29	56	0	V	0	0.3	1.5	Compuesta	Vivo	1	1	0	0	0	0	0	0	0	0	0	0	0	0	0	0	2	0
10	1999	30	58	0	H	0.5	2	0.8	Graminea	Vivo	1	0	0	0	0	0	0	0	0	0	0	0	0	0	0	0	1	0
10	1999	30	58	0	H	0.5	2	0.8	Graminea	Seco	1	0	0	0	0	0	0	0	0	0	0	0	0	0	0	0	1	0
10	1999	30	58	0	H	0.5	2	0.8	Compuesta	Vivo	1	0	0	0	0	0	0	0	0	0	0	0	0	0	0	0	1	0
10	1999	30	58	0	H	0.5	2	0.8	Ribes	Vivo	0	1	1	0	0	0	0	0	0	0	0	0	0	0	0	0	2	0
10	1999	31	60	0	H	1	2.3	NA	Graminea	Vivo	1	0	0	0	0	0	0	0	0	0	0	0	0	0	0	0	1	0
10	1999	31	60	0	H	1	2.3	NA	Graminea	Seco	1	0	0	0	0	0	0	0	0	0	0	0	0	0	0	0	1	0
10	1999	31	60	0	H	1	2.3	NA	Compuesta	Vivo	1	1	0	0	0	0	0	0	0	0	0	0	0	0	0	0	2	0
10	1999	31	60	0	H	1	2.3	NA	Ribes	Vivo	0	0	0	0	1	1	1	0	1	0	0	0	0	0	0	0	3	1
11	2002	1	0	0	H	0.3	2.46	NA	Ca?	Seco	1	0	0	0	0	0	0	0	0	0	0	0	0	0	0	0	1	0
11	2002	1	0	0	H	0.3	2.46	NA	Michay	Vivo	0	1	0	0	0	0	0	0	0	0	0	0	0	0	0	0	1	0
11	2002	2	2	0	H	0.2	2.4	NA	Ca?	Vivo	1	1	1	1	1	1	0	0	0	0	0	0	0	0	0	0	6	0
11	2002	2	2	0	H	0.2	2.4	NA	Michay	Vivo	0	1	1	0	0	0	0	0	0	0	0	0	0	0	0	0	2	0
11	2002	3	4	0	H	0.5	1.75	NA	Ca?	Seco	0	1	0	0	0	0	0	0	0	0	0	0	0	0	0	0	1	0
11	2002	3	4	0	H	0.5	1.75	NA	Michay	Vivo	0	0	1	0	0	0	0	0	0	0	0	0	0	0	0	0	1	0
11	2002	3	4	0	H	0.5	1.75	NA	Ca?	Vivo	0	0	1	1	1	1	1	0	0	0	0	0	0	0	0	0	5	0
11	2002	4	6	0	H	0.3	3	NA	Ca?	Vivo	0	1	1	0	0	1	1	1	1	1	0	1	0	0	0	0	5	3
11	2002	5	8	0	M	0	4.3	NA	Ca?	Vivo	0	1	1	1	1	1	1	0	1	1	1	0	1	1	1	1	6	7
11	2002	6	10	0	H	0.3	2.53	NA	Coihue	Vivo	1	0	0	0	0	0	0	0	0	0	0	0	0	0	0	0	1	0
11	2002	6	10	0	H	0.3	2.53	NA	Ca?	Seco	0	0	0	0	1	1	0	0	0	0	0	0	0	0	0	0	2	0
11	2002	6	10	0	H	0.3	2.53	NA	Ca?	Vivo	0	0	0	0	1	1	1	1	1	0	0	0	0	0	0	0	4	1
11	2002	7	12	0	H	1	4	NA	Coihue	Vivo	1	0	0	0	0	0	0	0	0	0	0	0	0	0	0	0	1	0
11	2002	7	12	0	H	1	4	NA	Ca?	Vivo	0	0	0	1	0	0	0	0	0	0	0	0	0	1	0	1	1	2
11	2002	7	12	0	H	1	4	NA	Ca?	Seco	1	0	0	0	0	0	0	0	0	0	0	0	0	0	0	0	1	0
11	2002	8	14	0	H	0.3	2.89	NA	Ca?	Vivo	1	0	1	0	1	1	0	0	0	0	0	0	0	0	0	0	4	0
11	2002	8	14	0	H	0.3	2.89	NA	azaralanceolata	Seco	0	0	1	0	0	0	0	0	0	0	0	0	0	0	0	0	1	0
11	2002	9	16	0	H	0.3	5	NA	Corcol?	Vivo	1	1	0	0	0	0	0	0	0	0	0	0	0	0	0	0	2	0
11	2002	9	16	0	H	0.3	5	NA	saucodiablo	Vivo	0	0	1	0	0	1	0	0	0	0	0	0	0	0	0	0	2	0
11	2002	9	16	0	H	0.3	5	NA	Ca?	Vivo	0	0	0	0	0	0	0	0	0	0	0	0	0	0	0	0	0	0
11	2002	9	16	0	H	0.3	5	NA	Ca?	Vivo	0	0	0	0	0	0	0	0	1	0	1	0	0	0	0	1	0	3
11	2002	10	18	0	S	0	4	NA	Coihue	Vivo	1	0	0	0	0	0	0	0	0	0	0	0	0	0	0	0	1	0
11	2002	10	18	0	S	0	4	NA	Michay	Vivo	0	1	0	0	0	0	0	0	0	0	0	0	0	0	0	0	1	0
11	2002	10	18	0	S	0	4	NA	Ca?	Vivo	0	0	0	1	0	0	0	0	0	0	1	1	0	0	0	0	1	2
11	2002	11	20	0	H	0.5	1.75	NA	Ca?	Seco	1	1	0	0	1	1	0	0	0	0	0	0	0	0	0	0	4	0
11	2002	12	22	0	T	0	2.3	NA	Ca?	Vivo	0	1	0	0	0	0	0	0	1	0	0	0	0	0	0	0	1	1
11	2002	13	24	0	H	0.5	2	NA	Ca?	Vivo	1	0	1	0	0	0	0	0	0	0	0	0	0	0	0	0	2	0
11	2002	13	24	0	H	0.5	2	NA	Ca?	Seco	0	0	0	0	0	0	1	0	0	0	0	0	0	0	0	0	1	0
11	2002	13	24	0	H	0.5	2	NA	Ribes	Vivo	0	0	0	0	0	1	0	0	0	0	0	0	0	0	0	0	1	0
11	2002	14	26	0	M	0	1.5	NA	Ca?	Vivo	0	0	1	1	0	0	0	0	0	0	0	0	0	0	0	0	2	0
11	2002	14	26	0	M	0	1.5	NA	Ca?	Seco	0	1	1	0	0	0	0	0	0	0	0	0	0	0	0	0	2	0
11	2002	14	26	0	M	0	1.5	NA	Pa?l	Vivo	0	0	0	0	1	0	0	0	0	0	0	0	0	0	0	0	1	0
11	2002	16	30	0	H	0.5	3.2	NA	Dasyphillum	Vivo	0	0	1	0	0	0	0	0	0	0	0	0	0	0	0	0	1	0
11	2002	16	30	0	H	0.5	3.2	NA	Ca?	Vivo	0	1	0	1	1	0	0	0	0	0	0	0	0	0	0	0	3	0
11	2002	17	32	0	S	0	1	NA	Chaura	Vivo	1	0	1	1	0	0	0	0	0	0	0	0	0	0	0	0	3	0
11	2002	17	32	0	S	0	1	NA	Taique	Vivo	0	0	1	1	0	0	0	0	0	0	0	0	0	0	0	0	2	0
11	2002	18	34	0	S	0	0.5	NA	Coihue	Vivo	1	0	0	0	0	0	0	0	0	0	0	0	0	0	0	0	1	0
11	2002	18	34	0	S	0	0.5	NA	Ribes	Vivo	1	0	0	0	0	0	0	0	0	0	0	0	0	0	0	0	1	0
11	2002	18	34	0	S	0	0.5	NA	Chaura	Vivo	0	1	0	0	0	0	0	0	0	0	0	0	0	0	0	0	1	0
11	2002	19	36	0	H	0.5	2.5	NA	Coihue	Vivo	1	0	0	0	0	0	0	0	0	0	0	0	0	0	0	0	1	0
11	2002	19	36	0	H	0.5	2.5	NA	Ribes	Vivo	0	1	0	0	0	0	0	0	0	0	0	0	0	0	0	0	1	0
11	2002	19	36	0	H	0.5	2.5	NA	Ca?	Vivo	0	0	1	0	0	0	0	0	1	0	0	0	0	0	0	0	1	1
11	2002	20	38	0	S	0	0.5	NA	Chaura	Vivo	0	1	1	0	0	0	0	0	0	0	0	0	0	0	0	0	2	0
11	2002	21	40	0	S	0	2.1	NA	Chaura	Vivo	1	1	1	0	0	0	0	0	0	0	0	0	0	0	0	0	3	0
11	2002	21	40	0	S	0	2.1	NA	Ca?	Vivo	0	0	0	0	0	0	0	0	1	0	0	0	0	0	0	0	0	1
11	2002	22	42	0	M	0	2	NA	Ribes	Vivo	1	0	0	0	0	0	1	0	0	0	0	0	0	0	0	0	2	0
11	2002	22	42	0	M	0	2	NA	Chaura	Vivo	0	1	0	0	0	0	0	0	0	0	0	0	0	0	0	0	1	0
11	2002	23	44	0	M	0	2.8	NA	Ca?	Vivo	0	0	0	0	1	1	1	1	0	0	0	0	0	0	0	0	4	0
11	2002	24	46	0	H	0.5	2	NA	Ca?	Vivo	0	0	0	0	0	0	0	1	0	0	0	0	0	0	0	0	1	0
11	2002	24	46	0	H	0.5	2	NA	Ca?	Seco	1	1	0	0	0	0	0	0	0	0	0	0	0	0	0	0	2	0
11	2002	24	46	0	H	0.5	2	NA	Dasyphillum	Vivo	0	0	0	0	1	1	0	0	0	0	0	0	0	0	0	0	2	0
11	2002	25	48	0	S	0	2.64	NA	Ca?	Vivo	0	0	0	0	1	0	0	0	0	0	0	0	0	0	0	0	1	0
11	2002	25	48	0	S	0	2.64	NA	Ca?	Seco	1	0	0	0	0	0	0	0	0	0	0	0	0	0	0	0	1	0
11	2002	26	50	0	H	1	3.2	NA	Ribes	Vivo	0	0	0	1	0	0	0	0	0	0	0	0	0	0	0	0	1	0
11	2002	26	50	0	H	1	3.2	NA	Ca?	Vivo	0	0	0	1	1	0	0	0	0	0	0	0	0	0	0	0	2	0
11	2002	27	52	0	H	0.5	2.25	NA	Dasyphillum	Vivo	0	1	0	1	1	0	0	0	0	0	0	0	0	0	0	0	3	0
11	2002	27	52	0	H	0.5	2.25	NA	Ca?	Vivo	0	0	1	1	0	0	0	0	0	0	0	0	0	0	0	0	2	0
11	2002	28	54	0	C	0	1.89	NA	Chaura	Vivo	0	1	0	0	0	0	0	0	0	0	0	0	0	0	0	0	1	0
11	2002	29	56	0	M	0	1.5	NA	Ribes	Vivo	0	1	1	0	1	0	0	0	0	0	0	0	0	0	0	0	3	0
11	2002	30	58	0	M	0	3.1	NA	Ribes	Vivo	1	0	0	0	0	0	0	0	0	0	0	0	0	0	0	0	1	0
11	2002	30	58	0	M	0	3.1	NA	Michay	Vivo	0	0	0	1	0	0	0	0	0	0	0	0	0	0	0	0	1	0
11	2002	31	60	0	H	0.3	2	NA	Chaura	Vivo	1	0	0	0	0	0	0	0	0	0	0	0	0	0	0	0	1	0
11	2002	31	60	0	H	0.3	2	NA	Ca?	Vivo	0	1	0	0	1	1	1	1	0	0	0	0	0	0	0	0	5	0
11	2002	31	60	0	H	0.3	2	NA	Ca?	Seco	0	0	0	0	1	1	0	0	0	0	0	0	0	0	0	0	2	0
12	2002	1	0	0	M	0	0.6	NA	Maqui	Vivo	0	1	0	1	0	0	0	0	0	0	0	0	0	0	0	0	2	0
12	2002	2	2	0	H	0.5	1.75	NA	Ribes	Vivo	0	0	0	0	1	0	0	0	0	0	0	0	0	0	0	0	1	0
12	2002	2	2	0	H	0.5	1.75	NA	Dasyphillum	Vivo	0	0	0	0	0	1	1	0	0	0	0	0	0	0	0	0	2	0
12	2002	3	4	0	H	0.5	4.5	NA	Ca?	Vivo	0	0	0	0	0	1	1	1	1	1	0	0	0	0	0	1	3	3
12	2002	4	6	0	H	1	4	NA	Ca?	Vivo	0	1	1	1	1	1	1	1	1	1	0	0	0	0	0	0	7	2
12	2002	5	8	0	T	0	3.7	NA	Ca?	Vivo	0	0	0	0	1	0	0	0	0	0	0	0	0	1	0	0	1	1
12	2002	6	10	0	C	0	0	NA	NA	NA	0	0	0	0	0	0	0	0	0	0	0	0	0	0	0	0	0	0
12	2002	7	12	0	H	1	4	NA	Dasyphillum	Vivo	0	0	0	0	0	1	1	0	0	0	0	0	0	0	0	0	2	0
12	2002	7	12	0	H	1	4	NA	Ca?	Vivo	0	1	0	0	0	0	0	0	0	0	0	0	0	0	0	0	1	0
12	2002	8	14	0	H	0.5	3	NA	Ribes	Vivo	1	1	0	0	0	0	1	1	0	0	0	0	0	0	0	0	4	0
12	2002	8	14	0	H	0.5	3	NA	Ca?	Vivo	0	0	0	0	1	1	0	0	1	1	0	0	0	0	0	0	2	2
12	2002	9	16	0	H	0.5	3	NA	Ca?	Vivo	1	1	0	0	0	0	0	1	0	0	0	0	0	0	0	0	3	0
12	2002	10	18	0	H	0.5	2.79	NA	Ca?	Vivo	0	0	1	0	0	1	0	0	0	0	0	0	0	0	0	0	2	0
12	2002	11	20	0	S	0	0.7	NA	Ca?	Vivo	0	1	1	0	0	0	0	0	0	0	0	0	0	0	0	0	2	0
12	2002	12	22	0	S	0	2.5	NA	Ca?	Seco	0	0	0	0	0	1	0	0	0	0	0	0	0	0	0	0	1	0
12	2002	12	22	0	S	0	2.5	NA	Ca?	Vivo	0	0	0	0	0	0	0	0	0	0	1	0	0	0	0	0	0	1
12	2002	13	24	0	S	0	3	NA	Ribes	Vivo	1	0	0	0	0	0	0	0	0	0	0	0	0	0	0	0	1	0
12	2002	13	24	0	S	0	3	NA	Fucsia	Vivo	0	1	1	0	0	0	0	0	0	0	0	0	0	0	0	0	2	0
12	2002	13	24	0	S	0	3	NA	Ca?	Vivo	0	0	0	0	1	0	0	0	0	0	0	0	1	0	0	0	1	1
12	2002	14	26	0	H	0.3	5	NA	Ca?	Vivo	1	0	0	1	0	1	1	1	1	0	0	0	0	0	0	0	5	1
12	2002	15	28	0	H	0.5	6	NA	Ca?	Vivo	0	0	0	1	1	1	1	1	0	0	0	0	0	0	0	0	5	0
12	2002	15	28	0	H	0.5	6	NA	Ca?	Seco	1	1	1	0	0	0	0	0	0	0	0	0	0	0	0	0	3	0
12	2002	16	30	0	H	1	4	NA	azaralanceolata	Vivo	1	0	0	0	0	0	0	0	0	0	0	0	0	0	0	0	1	0
12	2002	16	30	0	H	1	4	NA	Ribes	Vivo	0	0	1	1	0	1	0	1	1	0	0	0	0	0	0	0	4	1
12	2002	16	30	0	H	1	4	NA	Ca?	Vivo	0	0	0	0	0	0	0	0	1	1	0	0	0	0	0	0	0	2
12	2002	17	32	0	H	1	2.5	NA	Acaena	Vivo	1	0	0	0	0	0	0	0	0	0	0	0	0	0	0	0	1	0
12	2002	17	32	0	H	1	2.5	NA	Ribes	Vivo	0	0	1	1	0	1	1	1	0	0	0	0	0	0	0	0	5	0
12	2002	18	34	0	C	0	4	NA	Laura	Vivo	1	0	0	0	0	0	0	0	0	0	0	0	0	0	0	0	1	0
12	2002	18	34	0	C	0	4	NA	Ribes	Vivo	1	0	0	1	1	0	0	0	0	0	0	0	0	0	0	0	3	0
12	2002	18	34	0	C	0	4	NA	azaralanceolata	Vivo	0	0	0	0	1	0	0	0	0	0	0	0	0	0	0	0	1	0
12	2002	18	34	0	C	0	4	NA	Ca?	Vivo	0	0	0	0	0	0	0	0	0	0	0	0	0	0	1	1	0	2
12	2002	19	36	0	H	1	3	NA	Ca?	Seco	0	1	0	0	0	0	0	0	0	0	0	0	0	0	0	0	1	0
12	2002	19	36	0	H	1	3	NA	azaralanceolata	Vivo	0	0	1	0	0	0	0	0	0	0	0	0	0	0	0	0	1	0
12	2002	19	36	0	H	1	3	NA	Laura	Vivo	0	0	0	0	0	1	1	0	0	0	0	0	0	0	0	0	2	0
12	2002	19	36	0	H	1	3	NA	Ribes	Vivo	0	0	0	0	0	0	1	1	0	0	0	0	0	0	0	0	2	0
12	2002	20	38	0	H	0.5	2	NA	Ca?	Vivo	0	0	0	1	1	0	0	0	0	0	0	0	0	0	0	0	2	0
12	2002	21	40	0	H	0.5	4	NA	Ca?	Vivo	1	1	0	0	0	0	1	1	1	1	0	0	0	0	0	1	4	3
12	2002	22	42	0	H	0.3	3	NA	Ribes	Vivo	1	1	0	0	0	0	0	0	0	0	0	0	0	0	0	0	2	0
12	2002	22	42	0	H	0.3	3	NA	Ca?	Vivo	1	0	0	0	0	1	1	0	1	1	1	0	0	0	0	0	3	3
12	2002	23	44	0	H	2	1.3	NA	Michay	Vivo	1	1	1	0	0	0	0	0	0	0	0	0	0	0	0	0	3	0
12	2002	24	46	0	H	0.3	2.5	NA	Ca?	Seco	1	1	0	0	0	0	0	0	0	0	0	0	0	0	0	0	2	0
12	2002	24	46	0	H	0.3	2.5	NA	Ca?	Vivo	0	0	1	0	0	1	1	0	0	0	0	0	0	0	0	0	3	0
12	2002	25	48	0	H	0.5	3	NA	Ca?	Seco	0	1	0	0	0	0	0	0	0	0	0	0	0	0	0	0	1	0
12	2002	25	48	0	H	0.5	3	NA	Ca?	Vivo	0	0	1	1	1	0	0	1	1	0	0	0	0	0	0	0	4	1
12	2002	26	50	0	H	0.2	3	NA	Ca?	Vivo	0	0	0	0	0	0	0	0	0	0	1	0	0	0	0	0	0	1
12	2002	26	50	0	H	0.2	3	NA	Ca?	Seco	0	0	0	0	1	0	0	0	0	0	0	0	0	0	0	0	1	0
12	2002	27	52	0	H	0.5	2.5	NA	Ca?	Vivo	1	1	0	0	0	0	0	0	0	1	0	0	0	0	0	0	2	1
12	2002	28	54	0	S	0	2	NA	Ca?	Vivo	0	0	0	0	0	1	0	1	0	0	0	0	0	0	0	0	2	0
12	2002	29	56	0	H	0.2	2	NA	Ca?	Vivo	0	0	0	0	0	1	1	0	0	0	0	0	0	0	0	0	2	0
12	2002	29	56	0	H	0.2	2	NA	Ca?	Seco	1	0	0	0	0	0	0	1	0	0	0	0	0	0	0	0	2	0
12	2002	30	58	0	H	0.3	1.32	NA	Ca?	Seco	1	0	0	0	0	0	0	0	0	0	0	0	0	0	0	0	1	0
12	2002	30	58	0	H	0.3	1.32	NA	Ca?	Vivo	0	0	1	0	0	0	0	0	1	0	0	0	0	0	0	0	1	1
12	2002	31	60	0	M	0	2.09	NA	Ca?	Vivo	0	0	1	0	0	1	0	0	0	0	0	0	0	0	0	0	2	0
